  0      0.59   0      0      0      0      0      0      0      0      0      0      0      0      0      0      8.11   0      0      0      0      0      0      0      0      0      0      0      0   
  0.95   0      0.48   0      0      0      0      0      0      0      0      0      0      0      0      0      0      3.69   0      0      0      0      0      0      0      0      0      0      0   
  0      0.48   0      0      0      0      0      0      0      0      0      0      0      0      0      0      0      0      0      0      0      0      0      0      0      0      0      0      0   
  0      0      0      0      5.36   0      0.94   0      0     13.36   0      0      0      0      0      0      0      0     31.82   0      0      0      0.01   0      0      0      0      0      0   
  0      0      0      2.04   0      1.69   0      0.95   0      0     37.55   0      0      0      0      0      0      0      0      2.85   0      0      0      0.10   0      0      0      0      0   
  0      0      0      0      1.56   0      0      0      0.74   0      0      4.52   0      0      0      0      0      0      0      0      0      0      0      0      0      0      0      0      0   
  0      0      0      3.25   0      0      0      1.38   0      1.26   0      0      0      0      2.52   0      0      0      0      0      8.36   0      0.05   0      0      0      0      0      0   
  0      0      0      0      2.01   0      1.37   0      2.06   0      4.68   0      0      0     11.15   0      0      0      0      0      0      3.14   0      0.01   0      0      0      0      0   
  0      0      0      0      0      0.86   0      1.06   0      0      0      5.29   0      0      0      9.75   0      0      0      0      0      0      0      0      0      0      0      0      0   
  0      0      0     17.88   0      0      4.41   0      0      0     24.14   0      3.04   0      2.67   0      0      0      0.06   0      0.67   0    133.93   0      0.21   0      0      0      0   
  0      0      0      0     30.60   0      0     13.48   0     26.96   0     32.42  18.59   0      5.62   0      0      0      0      0      0      0.40   0     42.74   0      0.15   0      0      0   
  0      0      0      0      0      4.27   0      0      7.33   0     21.94   0      0     36.01   0      4.55   0      0      0      0      0      0      0      0      0      0      0      0      0   
  0      0      0      0      0      0      0      0      0      6.41  26.36   0      0      0.41   0      0      0      0      0      0      0      0      0      0      2.58   0.64   0      0      0   
  0      0      0      0      0      0      0      0      0      0      0     24.62  11.80   0      0      0      0      0      0      0      0      0      0      0      0      0      0      0      0   
  0      0      0      0      0      0      1.63   5.50   0      5.04  10.59   0      0      0      0      0.26   0      0      0      0      0.03   0      0      0      0      0      5.87   1.90   0   
  0      0      0      0      0      0      0      0      6.83   0      0      7.25   0      0      0.48   0      0      0      0      0      0      0      0      0      0      0      0      0      0   
  7.75   0      0      0      0      0      0      0      0      0      0      0      0      0      0      0      0      0.75   0.58   0      0      0      2.10   0      0      0      0      0      0   
  0      4.05   0      0      0      0      0      0      0      0      0      0      0      0      0      0      0.44   0      0      0.36   0      0      0      0.16   0      0      0      0      0   
  0      0      0     26.52   0      0      0      0      0      0.08   0      0      0      0      0      0      2.62   0      0      1.83   0      0      6.28   0      0      0      0      0      0   
  0      0      0      0      5.08   0      0      0      0      0      0.01   0      0      0      0      0      0      0.59   0.28   0      0      0      0      0      0      0      0      0      0   
  0      0      0      0      0      0      8.46   0      0      0.93   0      0      0      0      0.04   0      0      0      0      0      0      0.07   0.60   0      0      0      0      0      0   
  0      0      0      0      0      0      0      2.05   0      0      0.44   0      0      0      0.06   0      0      0      0      0      1.01   0      0      0.07   0      0      0      0      0   
  0      0      0      1.80   0      0      0.02   0      0    132.87   0      0      0      0      0      0      0.01   0      4.59   0      0.03   0      0      4.47   0      0      0      0      0   
  0      0      0      0      0.56   0      0      0.01   0      0     45.25   0      0      0      0      0      0      0      0      0.91   0      0      0.81   0      0      0      0      0      0   
  0      0      0      0      0      0      0      0      0      0.11   0      0      2.72   0      0.30   0      0      0      0      0      0      0      0      0      0      0.01   0.08   0      0   
  0      0      0      0      0      0      0      0      0      0      0      0      0.24   0      0.10   0      0      0      0      0      0      0      0      0      0.43   0      0      0.03   0   
  0      0      0      0      0      0      0      0      0      0      0      0      0      0      6.25   0      0      0      0      0      0      0      0      0      0      0      0      0.05   0   
  0      0      0      0      0      0      0      0      0      0      0      0      0      0      1.64   0      0      0      0      0      0      0      0      0      0      0      0.35   0      0   
  0      0      0      0      0      0      0      0      0      0      0      0      0      0      0      0      0      0      0      0      0      0      0      0      0      0      0      0      0   

  0      0.68   0      0      0      0      0      0      0      0      0      0      0      0      0      0      8.31   0      0      0      0      0      0      0      0      0      0      0      0   
  0.71   0      0.49   0      0      0      0      0      0      0      0      0      0      0      0      0      0      3.73   0      0      0      0      0      0      0      0      0      0      0   
  0      0.49   0      0      0      0      0      0      0      0      0      0      0      0      0      0      0      0      0      0      0      0      0      0      0      0      0      0      0   
  0      0      0      0      4.55   0      0.27   0      0     13.32   0      0      0      0      0      0      0      0     28.51   0      0      0      0.14   0      0      0      0      0      0   
  0      0      0      2.04   0      1.76   0      0.60   0      0     33.69   0      0      0      0      0      0      0      0      2.41   0      0      0      0.04   0      0      0      0      0   
  0      0      0      0      1.55   0      0      0      0.90   0      0      2.94   0      0      0      0      0      0      0      0      0      0      0      0      0      0      0      0      0   
  0      0      0      2.87   0      0      0      1.25   0      1.31   0      0      0      0      3.11   0      0      0      0      0      8.85   0      0.03   0      0      0      0      0      0   
  0      0      0      0      1.98   0      1.71   0      2.11   0      3.79   0      0      0     11.72   0      0      0      0      0      0      3.70   0      0      0      0      0      0      0   
  0      0      0      0      0      1.09   0      1.06   0      0      0      5.15   0      0      0      9.88   0      0      0      0      0      0      0      0      0      0      0      0      0   
  0      0      0     17.05   0      0      5.40   0      0      0     24.22   0      3.33   0      3.40   0      0      0      0.07   0      0.65   0    133.70   0      0.19   0      0      0      0   
  0      0      0      0     26.86   0      0     15.27   0     26.47   0     33.74  20.37   0      7.15   0      0      0      0      0      0      0.32   0     40.06   0      0.11   0      0      0   
  0      0      0      0      0      2.55   0      0      7.39   0     21.95   0      0     36.56   0      3.32   0      0      0      0      0      0      0      0      0      0      0      0      0   
  0      0      0      0      0      0      0      0      0      7.81  28.09   0      0      0.41   0      0      0      0      0      0      0      0      0      0      2.60   0.61   0      0      0   
  0      0      0      0      0      0      0      0      0      0      0     24.17  12.80   0      0      0      0      0      0      0      0      0      0      0      0      0      0      0      0   
  0      0      0      0      0      0      1.18   4.62   0      6.02  14.79   0      0      0      0      0.26   0      0      0      0      0      0      0      0      0      0      6.89   2.11   0   
  0      0      0      0      0      0      0      0      6.78   0      0      5.76   0      0      0.92   0      0      0      0      0      0      0      0      0      0      0      0      0      0   
  8.28   0      0      0      0      0      0      0      0      0      0      0      0      0      0      0      0      0.79   0.77   0      0      0      1.16   0      0      0      0      0      0   
  0      3.76   0      0      0      0      0      0      0      0      0      0      0      0      0      0      0.45   0      0      0.52   0      0      0      0.15   0      0      0      0      0   
  0      0      0     23.48   0      0      0      0      0      0.13   0      0      0      0      0      0      2.02   0      0      1.99   0      0      6.48   0      0      0      0      0      0   
  0      0      0      0      5.03   0      0      0      0      0      0.02   0      0      0      0      0      0      0.36   0.28   0      0      0      0      0      0      0      0      0      0   
  0      0      0      0      0      0      8.82   0      0      1.01   0      0      0      0      0.08   0      0      0      0      0      0      0.07   0.69   0      0      0      0      0      0   
  0      0      0      0      0      0      0      2.20   0      0      0.57   0      0      0      0.08   0      0      0      0      0      1.14   0      0      0.11   0      0      0      0      0   
  0      0      0      1.35   0      0      0.03   0      0    131.88   0      0      0      0      0      0      0.22   0      4.49   0      0.03   0      0      5.02   0      0      0      0      0   
  0      0      0      0      0.57   0      0      0.02   0      0     43.20   0      0      0      0      0      0      0      0      0.76   0      0      0.81   0      0      0      0      0      0   
  0      0      0      0      0      0      0      0      0      0.07   0      0      2.78   0      0.23   0      0      0      0      0      0      0      0      0      0      0.01   0.09   0      0   
  0      0      0      0      0      0      0      0      0      0      0.01   0      0.25   0      0.06   0      0      0      0      0      0      0      0      0      0.38   0      0      0.02   0   
  0      0      0      0      0      0      0      0      0      0      0      0      0      0      7.12   0      0      0      0      0      0      0      0      0      0      0      0      0.07   0   
  0      0      0      0      0      0      0      0      0      0      0      0      0      0      2.00   0      0      0      0      0      0      0      0      0      0      0      0.20   0      0   
  0      0      0      0      0      0      0      0      0      0      0      0      0      0      0      0      0      0      0      0      0      0      0      0      0      0      0      0      0   
