7.949036795647e-03
7.949036795647e-03
5.503540989880e-03
2.558256302013e-02
2.558256302013e-02
1.962328911001e-02
1.552424778147e-02
1.552424778147e-02
1.336776757926e-02
3.001339262658e-01
3.001339262658e-01
2.790083131373e-01
5.970385982943e-03
5.133978425883e-03
4.829410102050e-03
3.236803136685e-03
8.099659138476e-03
5.250689751452e-03
5.754207134211e-03
3.438891773666e-03
1.909405684534e-03
8.759919579183e-04
1.728685035944e-02
1.014747300770e-02
2.165321456413e-04
9.042371135129e-05
9.275631278569e-04
6.763657982654e-04
3.630000000000e-01
