0.0000000e+00	5.9094811e-01	0.0000000e+00	0.0000000e+00	0.0000000e+00	0.0000000e+00	0.0000000e+00	0.0000000e+00	0.0000000e+00	0.0000000e+00	0.0000000e+00	0.0000000e+00	0.0000000e+00	0.0000000e+00	0.0000000e+00	0.0000000e+00	8.1111869e+00	0.0000000e+00	0.0000000e+00	0.0000000e+00	0.0000000e+00	0.0000000e+00	0.0000000e+00	0.0000000e+00	0.0000000e+00	0.0000000e+00	0.0000000e+00	0.0000000e+00	0.0000000e+00
9.5466747e-01	0.0000000e+00	4.7565969e-01	0.0000000e+00	0.0000000e+00	0.0000000e+00	0.0000000e+00	0.0000000e+00	0.0000000e+00	0.0000000e+00	0.0000000e+00	0.0000000e+00	0.0000000e+00	0.0000000e+00	0.0000000e+00	0.0000000e+00	0.0000000e+00	3.6862209e+00	0.0000000e+00	0.0000000e+00	0.0000000e+00	0.0000000e+00	0.0000000e+00	0.0000000e+00	0.0000000e+00	0.0000000e+00	0.0000000e+00	0.0000000e+00	0.0000000e+00
0.0000000e+00	4.7565969e-01	0.0000000e+00	0.0000000e+00	0.0000000e+00	0.0000000e+00	0.0000000e+00	0.0000000e+00	0.0000000e+00	0.0000000e+00	0.0000000e+00	0.0000000e+00	0.0000000e+00	0.0000000e+00	0.0000000e+00	0.0000000e+00	0.0000000e+00	0.0000000e+00	0.0000000e+00	0.0000000e+00	0.0000000e+00	0.0000000e+00	0.0000000e+00	0.0000000e+00	0.0000000e+00	0.0000000e+00	0.0000000e+00	0.0000000e+00	0.0000000e+00
0.0000000e+00	0.0000000e+00	0.0000000e+00	0.0000000e+00	5.3654759e+00	0.0000000e+00	9.3851485e-01	0.0000000e+00	0.0000000e+00	3.3402392e+00	0.0000000e+00	0.0000000e+00	0.0000000e+00	0.0000000e+00	0.0000000e+00	0.0000000e+00	0.0000000e+00	0.0000000e+00	3.1823002e+01	0.0000000e+00	0.0000000e+00	0.0000000e+00	7.7390568e-03	0.0000000e+00	0.0000000e+00	0.0000000e+00	0.0000000e+00	0.0000000e+00	0.0000000e+00
0.0000000e+00	0.0000000e+00	0.0000000e+00	2.0448484e+00	0.0000000e+00	1.6906016e+00	0.0000000e+00	9.4967426e-01	0.0000000e+00	0.0000000e+00	1.4598693e+01	0.0000000e+00	0.0000000e+00	0.0000000e+00	0.0000000e+00	0.0000000e+00	0.0000000e+00	0.0000000e+00	0.0000000e+00	2.8511920e+00	0.0000000e+00	0.0000000e+00	0.0000000e+00	1.0031481e-01	0.0000000e+00	0.0000000e+00	0.0000000e+00	0.0000000e+00	0.0000000e+00
0.0000000e+00	0.0000000e+00	0.0000000e+00	0.0000000e+00	1.5597586e+00	0.0000000e+00	0.0000000e+00	0.0000000e+00	7.3900184e-01	0.0000000e+00	0.0000000e+00	1.3158066e+00	0.0000000e+00	0.0000000e+00	0.0000000e+00	0.0000000e+00	0.0000000e+00	0.0000000e+00	0.0000000e+00	0.0000000e+00	0.0000000e+00	0.0000000e+00	0.0000000e+00	0.0000000e+00	0.0000000e+00	0.0000000e+00	0.0000000e+00	0.0000000e+00	0.0000000e+00
0.0000000e+00	0.0000000e+00	0.0000000e+00	3.2521969e+00	0.0000000e+00	0.0000000e+00	0.0000000e+00	1.3769217e+00	0.0000000e+00	1.2607021e+00	0.0000000e+00	0.0000000e+00	0.0000000e+00	0.0000000e+00	2.5166478e+00	0.0000000e+00	0.0000000e+00	0.0000000e+00	0.0000000e+00	0.0000000e+00	8.3638081e+00	0.0000000e+00	5.3396731e-02	0.0000000e+00	0.0000000e+00	0.0000000e+00	0.0000000e+00	0.0000000e+00	0.0000000e+00
0.0000000e+00	0.0000000e+00	0.0000000e+00	0.0000000e+00	2.0116286e+00	0.0000000e+00	1.3660063e+00	0.0000000e+00	2.0718436e+00	0.0000000e+00	4.6776821e+00	0.0000000e+00	0.0000000e+00	0.0000000e+00	1.1148975e+01	0.0000000e+00	0.0000000e+00	0.0000000e+00	0.0000000e+00	0.0000000e+00	0.0000000e+00	3.1415455e+00	0.0000000e+00	8.3557147e-03	0.0000000e+00	0.0000000e+00	0.0000000e+00	0.0000000e+00	0.0000000e+00
0.0000000e+00	0.0000000e+00	0.0000000e+00	0.0000000e+00	0.0000000e+00	8.5738772e-01	0.0000000e+00	1.0672510e+00	0.0000000e+00	0.0000000e+00	0.0000000e+00	5.2874764e+00	0.0000000e+00	0.0000000e+00	0.0000000e+00	9.7494796e+00	0.0000000e+00	0.0000000e+00	0.0000000e+00	0.0000000e+00	0.0000000e+00	0.0000000e+00	0.0000000e+00	0.0000000e+00	0.0000000e+00	0.0000000e+00	0.0000000e+00	0.0000000e+00	0.0000000e+00
0.0000000e+00	0.0000000e+00	0.0000000e+00	7.8562992e+00	0.0000000e+00	0.0000000e+00	4.4073789e+00	0.0000000e+00	0.0000000e+00	0.0000000e+00	2.4141658e+01	0.0000000e+00	3.0398310e+00	0.0000000e+00	2.6717209e+00	0.0000000e+00	0.0000000e+00	0.0000000e+00	5.9311582e-02	0.0000000e+00	6.7184701e-01	0.0000000e+00	1.3392604e+02	0.0000000e+00	2.1229106e-01	0.0000000e+00	0.0000000e+00	0.0000000e+00	0.0000000e+00
0.0000000e+00	0.0000000e+00	0.0000000e+00	0.0000000e+00	7.6498312e+00	0.0000000e+00	0.0000000e+00	1.3481521e+01	0.0000000e+00	2.6955933e+01	0.0000000e+00	3.2421748e+01	1.8590373e+01	0.0000000e+00	5.6154198e+00	0.0000000e+00	0.0000000e+00	0.0000000e+00	0.0000000e+00	1.1347983e-04	0.0000000e+00	3.9893648e-01	0.0000000e+00	4.2742286e+01	0.0000000e+00	1.5275181e-01	0.0000000e+00	0.0000000e+00	0.0000000e+00
0.0000000e+00	0.0000000e+00	0.0000000e+00	0.0000000e+00	0.0000000e+00	1.0665777e+00	0.0000000e+00	0.0000000e+00	7.3250208e+00	0.0000000e+00	2.1942491e+01	0.0000000e+00	0.0000000e+00	3.6014353e+01	0.0000000e+00	4.5459150e+00	0.0000000e+00	0.0000000e+00	0.0000000e+00	0.0000000e+00	0.0000000e+00	0.0000000e+00	0.0000000e+00	0.0000000e+00	0.0000000e+00	0.0000000e+00	0.0000000e+00	0.0000000e+00	0.0000000e+00
0.0000000e+00	0.0000000e+00	0.0000000e+00	0.0000000e+00	0.0000000e+00	0.0000000e+00	0.0000000e+00	0.0000000e+00	0.0000000e+00	6.4054136e+00	2.6358681e+01	0.0000000e+00	0.0000000e+00	4.1082171e-01	0.0000000e+00	0.0000000e+00	0.0000000e+00	0.0000000e+00	0.0000000e+00	0.0000000e+00	0.0000000e+00	0.0000000e+00	0.0000000e+00	0.0000000e+00	2.5782366e+00	6.3887531e-01	0.0000000e+00	0.0000000e+00	0.0000000e+00
0.0000000e+00	0.0000000e+00	0.0000000e+00	0.0000000e+00	0.0000000e+00	0.0000000e+00	0.0000000e+00	0.0000000e+00	0.0000000e+00	0.0000000e+00	0.0000000e+00	2.4622652e+01	1.1802523e+01	0.0000000e+00	0.0000000e+00	0.0000000e+00	0.0000000e+00	0.0000000e+00	0.0000000e+00	0.0000000e+00	0.0000000e+00	0.0000000e+00	0.0000000e+00	0.0000000e+00	0.0000000e+00	0.0000000e+00	0.0000000e+00	0.0000000e+00	0.0000000e+00
0.0000000e+00	0.0000000e+00	0.0000000e+00	0.0000000e+00	0.0000000e+00	0.0000000e+00	1.6320941e+00	5.4953647e+00	0.0000000e+00	5.0402613e+00	1.0591404e+01	0.0000000e+00	0.0000000e+00	0.0000000e+00	0.0000000e+00	2.6033115e-01	0.0000000e+00	0.0000000e+00	0.0000000e+00	0.0000000e+00	2.7649392e-02	2.5057012e-03	0.0000000e+00	0.0000000e+00	0.0000000e+00	6.4493038e-05	5.8688912e+00	1.9035809e+00	0.0000000e+00
0.0000000e+00	0.0000000e+00	0.0000000e+00	0.0000000e+00	0.0000000e+00	0.0000000e+00	0.0000000e+00	0.0000000e+00	6.8257285e+00	0.0000000e+00	0.0000000e+00	7.2466746e+00	0.0000000e+00	0.0000000e+00	4.8332267e-01	0.0000000e+00	0.0000000e+00	0.0000000e+00	0.0000000e+00	0.0000000e+00	0.0000000e+00	0.0000000e+00	0.0000000e+00	0.0000000e+00	0.0000000e+00	0.0000000e+00	0.0000000e+00	0.0000000e+00	0.0000000e+00
7.7474676e+00	0.0000000e+00	0.0000000e+00	0.0000000e+00	0.0000000e+00	0.0000000e+00	0.0000000e+00	0.0000000e+00	0.0000000e+00	0.0000000e+00	0.0000000e+00	0.0000000e+00	0.0000000e+00	0.0000000e+00	0.0000000e+00	0.0000000e+00	0.0000000e+00	7.4500570e-01	5.8466646e-01	0.0000000e+00	0.0000000e+00	0.0000000e+00	2.1018471e+00	0.0000000e+00	0.0000000e+00	0.0000000e+00	0.0000000e+00	0.0000000e+00	0.0000000e+00
0.0000000e+00	4.0499402e+00	0.0000000e+00	0.0000000e+00	0.0000000e+00	0.0000000e+00	0.0000000e+00	0.0000000e+00	0.0000000e+00	0.0000000e+00	0.0000000e+00	0.0000000e+00	0.0000000e+00	0.0000000e+00	0.0000000e+00	0.0000000e+00	4.4400320e-01	0.0000000e+00	0.0000000e+00	3.5843065e-01	0.0000000e+00	0.0000000e+00	0.0000000e+00	1.6478186e-01	0.0000000e+00	0.0000000e+00	0.0000000e+00	0.0000000e+00	0.0000000e+00
0.0000000e+00	0.0000000e+00	0.0000000e+00	2.6520911e+01	0.0000000e+00	0.0000000e+00	0.0000000e+00	0.0000000e+00	0.0000000e+00	7.8046113e-02	0.0000000e+00	0.0000000e+00	0.0000000e+00	0.0000000e+00	0.0000000e+00	0.0000000e+00	2.6169894e+00	0.0000000e+00	0.0000000e+00	1.8333890e+00	0.0000000e+00	0.0000000e+00	6.2829212e+00	0.0000000e+00	0.0000000e+00	0.0000000e+00	0.0000000e+00	0.0000000e+00	0.0000000e+00
0.0000000e+00	0.0000000e+00	0.0000000e+00	0.0000000e+00	5.0839480e+00	0.0000000e+00	0.0000000e+00	0.0000000e+00	0.0000000e+00	0.0000000e+00	7.8976174e-03	0.0000000e+00	0.0000000e+00	0.0000000e+00	0.0000000e+00	0.0000000e+00	0.0000000e+00	5.8592935e-01	2.7618749e-01	0.0000000e+00	0.0000000e+00	0.0000000e+00	0.0000000e+00	0.0000000e+00	0.0000000e+00	0.0000000e+00	0.0000000e+00	0.0000000e+00	0.0000000e+00
0.0000000e+00	0.0000000e+00	0.0000000e+00	0.0000000e+00	0.0000000e+00	0.0000000e+00	8.4617870e+00	0.0000000e+00	0.0000000e+00	9.2810390e-01	0.0000000e+00	0.0000000e+00	0.0000000e+00	0.0000000e+00	3.9259502e-02	0.0000000e+00	0.0000000e+00	0.0000000e+00	0.0000000e+00	0.0000000e+00	0.0000000e+00	7.0081632e-02	5.9624637e-01	0.0000000e+00	0.0000000e+00	0.0000000e+00	0.0000000e+00	0.0000000e+00	0.0000000e+00
0.0000000e+00	0.0000000e+00	0.0000000e+00	0.0000000e+00	0.0000000e+00	0.0000000e+00	0.0000000e+00	2.0478490e+00	0.0000000e+00	0.0000000e+00	4.3616147e-01	0.0000000e+00	0.0000000e+00	0.0000000e+00	6.2268725e-02	0.0000000e+00	0.0000000e+00	0.0000000e+00	0.0000000e+00	0.0000000e+00	1.0051616e+00	0.0000000e+00	0.0000000e+00	6.5292368e-02	0.0000000e+00	0.0000000e+00	0.0000000e+00	0.0000000e+00	0.0000000e+00
0.0000000e+00	0.0000000e+00	0.0000000e+00	1.8007163e+00	0.0000000e+00	0.0000000e+00	1.7892233e-02	0.0000000e+00	0.0000000e+00	1.3287082e+02	0.0000000e+00	0.0000000e+00	0.0000000e+00	0.0000000e+00	0.0000000e+00	0.0000000e+00	6.8073251e-03	0.0000000e+00	4.5890888e+00	0.0000000e+00	2.7012325e-02	0.0000000e+00	0.0000000e+00	4.4675658e+00	0.0000000e+00	0.0000000e+00	0.0000000e+00	0.0000000e+00	0.0000000e+00
0.0000000e+00	0.0000000e+00	0.0000000e+00	0.0000000e+00	5.6468136e-01	0.0000000e+00	0.0000000e+00	7.4546590e-03	0.0000000e+00	0.0000000e+00	4.5250249e+01	0.0000000e+00	0.0000000e+00	0.0000000e+00	0.0000000e+00	0.0000000e+00	0.0000000e+00	0.0000000e+00	0.0000000e+00	9.1083729e-01	0.0000000e+00	3.6638307e-03	8.1171081e-01	0.0000000e+00	0.0000000e+00	0.0000000e+00	0.0000000e+00	0.0000000e+00	0.0000000e+00
0.0000000e+00	0.0000000e+00	0.0000000e+00	0.0000000e+00	0.0000000e+00	0.0000000e+00	0.0000000e+00	0.0000000e+00	0.0000000e+00	1.0685964e-01	0.0000000e+00	0.0000000e+00	2.7197620e+00	0.0000000e+00	2.9936988e-01	0.0000000e+00	0.0000000e+00	0.0000000e+00	0.0000000e+00	0.0000000e+00	0.0000000e+00	0.0000000e+00	0.0000000e+00	0.0000000e+00	0.0000000e+00	7.2325357e-03	8.2560922e-02	0.0000000e+00	0.0000000e+00
0.0000000e+00	0.0000000e+00	0.0000000e+00	0.0000000e+00	0.0000000e+00	0.0000000e+00	0.0000000e+00	0.0000000e+00	0.0000000e+00	0.0000000e+00	3.9980526e-03	0.0000000e+00	2.3953902e-01	0.0000000e+00	1.0239878e-01	0.0000000e+00	0.0000000e+00	0.0000000e+00	0.0000000e+00	0.0000000e+00	0.0000000e+00	0.0000000e+00	0.0000000e+00	0.0000000e+00	4.2525732e-01	0.0000000e+00	0.0000000e+00	2.7730971e-02	0.0000000e+00
0.0000000e+00	0.0000000e+00	0.0000000e+00	0.0000000e+00	0.0000000e+00	0.0000000e+00	0.0000000e+00	0.0000000e+00	0.0000000e+00	0.0000000e+00	0.0000000e+00	0.0000000e+00	0.0000000e+00	0.0000000e+00	6.2464335e+00	0.0000000e+00	0.0000000e+00	0.0000000e+00	0.0000000e+00	0.0000000e+00	0.0000000e+00	0.0000000e+00	0.0000000e+00	0.0000000e+00	0.0000000e+00	0.0000000e+00	0.0000000e+00	5.4053284e-02	0.0000000e+00
0.0000000e+00	0.0000000e+00	0.0000000e+00	0.0000000e+00	0.0000000e+00	0.0000000e+00	0.0000000e+00	0.0000000e+00	0.0000000e+00	0.0000000e+00	0.0000000e+00	0.0000000e+00	0.0000000e+00	0.0000000e+00	1.6363305e+00	0.0000000e+00	0.0000000e+00	0.0000000e+00	0.0000000e+00	0.0000000e+00	0.0000000e+00	0.0000000e+00	0.0000000e+00	0.0000000e+00	0.0000000e+00	0.0000000e+00	3.4903462e-01	0.0000000e+00	0.0000000e+00
0.0000000e+00	0.0000000e+00	0.0000000e+00	0.0000000e+00	0.0000000e+00	0.0000000e+00	0.0000000e+00	0.0000000e+00	0.0000000e+00	0.0000000e+00	0.0000000e+00	0.0000000e+00	0.0000000e+00	0.0000000e+00	0.0000000e+00	0.0000000e+00	0.0000000e+00	0.0000000e+00	0.0000000e+00	0.0000000e+00	0.0000000e+00	0.0000000e+00	0.0000000e+00	0.0000000e+00	0.0000000e+00	0.0000000e+00	0.0000000e+00	0.0000000e+00	0.0000000e+00
