0.000000000000e+00
2.445495805767e-03
5.503540989880e-03
0.000000000000e+00
5.959273910127e-03
1.962328911001e-02
0.000000000000e+00
2.156480202211e-03
1.336776757926e-02
0.000000000000e+00
2.112561312856e-02
2.790083131373e-01
8.364075570600e-04
5.133978425883e-03
1.592606965365e-03
3.236803136685e-03
2.848969387024e-03
5.250689751452e-03
2.315315360545e-03
3.438891773666e-03
1.033413726616e-03
8.759919579183e-04
7.139377351737e-03
1.014747300770e-02
1.261084342900e-04
9.042371135129e-05
2.511973295915e-04
6.763657982654e-04
3.570000000000e-01
