0.0000000e+00	4.7443767e-01	0.0000000e+00	0.0000000e+00	0.0000000e+00	0.0000000e+00	0.0000000e+00	8.1568967e+00	3.6540064e+00	0.0000000e+00	0.0000000e+00	0.0000000e+00	0.0000000e+00	0.0000000e+00
4.7443767e-01	0.0000000e+00	0.0000000e+00	0.0000000e+00	0.0000000e+00	0.0000000e+00	0.0000000e+00	0.0000000e+00	0.0000000e+00	0.0000000e+00	0.0000000e+00	0.0000000e+00	0.0000000e+00	0.0000000e+00
0.0000000e+00	0.0000000e+00	0.0000000e+00	2.7435502e+01	0.0000000e+00	8.0067400e+00	0.0000000e+00	0.0000000e+00	0.0000000e+00	1.7408929e+02	0.0000000e+00	2.1466266e-01	0.0000000e+00	0.0000000e+00
0.0000000e+00	0.0000000e+00	2.7508235e+01	0.0000000e+00	3.5752444e+01	3.3840736e+01	0.0000000e+00	0.0000000e+00	0.0000000e+00	0.0000000e+00	4.8961045e+01	0.0000000e+00	1.5803065e-01	0.0000000e+00
0.0000000e+00	0.0000000e+00	0.0000000e+00	2.4529982e+01	0.0000000e+00	0.0000000e+00	4.6557246e+01	0.0000000e+00	0.0000000e+00	0.0000000e+00	0.0000000e+00	0.0000000e+00	0.0000000e+00	0.0000000e+00
0.0000000e+00	0.0000000e+00	1.2549555e+01	4.0830776e+01	0.0000000e+00	0.0000000e+00	6.6994444e-01	0.0000000e+00	0.0000000e+00	3.0030880e-02	0.0000000e+00	8.2312557e+00	2.4013001e+00	0.0000000e+00
0.0000000e+00	0.0000000e+00	0.0000000e+00	0.0000000e+00	3.5334784e+01	1.1892407e+01	0.0000000e+00	0.0000000e+00	0.0000000e+00	0.0000000e+00	0.0000000e+00	0.0000000e+00	0.0000000e+00	0.0000000e+00
7.6307071e+00	0.0000000e+00	0.0000000e+00	0.0000000e+00	0.0000000e+00	0.0000000e+00	0.0000000e+00	0.0000000e+00	8.1682270e-01	2.7347703e+00	0.0000000e+00	0.0000000e+00	0.0000000e+00	0.0000000e+00
4.1801960e+00	0.0000000e+00	0.0000000e+00	0.0000000e+00	0.0000000e+00	0.0000000e+00	0.0000000e+00	4.2177362e-01	0.0000000e+00	0.0000000e+00	4.9815113e-01	0.0000000e+00	0.0000000e+00	0.0000000e+00
0.0000000e+00	0.0000000e+00	1.6957923e+02	0.0000000e+00	0.0000000e+00	2.9004574e-02	0.0000000e+00	2.6036297e+00	0.0000000e+00	0.0000000e+00	5.7991758e+00	0.0000000e+00	0.0000000e+00	0.0000000e+00
0.0000000e+00	0.0000000e+00	0.0000000e+00	5.3421021e+01	0.0000000e+00	5.1102099e-02	0.0000000e+00	0.0000000e+00	6.2929166e-01	1.1569573e+00	0.0000000e+00	0.0000000e+00	0.0000000e+00	0.0000000e+00
0.0000000e+00	0.0000000e+00	1.0916711e-01	0.0000000e+00	0.0000000e+00	8.9643825e+00	0.0000000e+00	0.0000000e+00	0.0000000e+00	0.0000000e+00	0.0000000e+00	0.0000000e+00	6.1293096e-02	0.0000000e+00
0.0000000e+00	0.0000000e+00	0.0000000e+00	3.2092833e-03	0.0000000e+00	1.9284902e+00	0.0000000e+00	0.0000000e+00	0.0000000e+00	0.0000000e+00	0.0000000e+00	6.8892426e-01	0.0000000e+00	0.0000000e+00
0.0000000e+00	0.0000000e+00	0.0000000e+00	0.0000000e+00	0.0000000e+00	0.0000000e+00	0.0000000e+00	0.0000000e+00	0.0000000e+00	0.0000000e+00	0.0000000e+00	0.0000000e+00	0.0000000e+00	0.0000000e+00

0.0000000e+00	4.7387641e-01	0.0000000e+00	0.0000000e+00	0.0000000e+00	0.0000000e+00	0.0000000e+00	8.3489089e+00	3.6116623e+00	0.0000000e+00	0.0000000e+00	0.0000000e+00	0.0000000e+00	0.0000000e+00
4.7387641e-01	0.0000000e+00	0.0000000e+00	0.0000000e+00	0.0000000e+00	0.0000000e+00	0.0000000e+00	0.0000000e+00	0.0000000e+00	0.0000000e+00	0.0000000e+00	0.0000000e+00	0.0000000e+00	0.0000000e+00
0.0000000e+00	0.0000000e+00	0.0000000e+00	2.7436016e+01	0.0000000e+00	8.2697918e+00	0.0000000e+00	0.0000000e+00	0.0000000e+00	1.7209357e+02	0.0000000e+00	1.7689733e-01	0.0000000e+00	0.0000000e+00
0.0000000e+00	0.0000000e+00	2.7507108e+01	0.0000000e+00	3.5665845e+01	3.4122374e+01	0.0000000e+00	0.0000000e+00	0.0000000e+00	0.0000000e+00	4.7903544e+01	0.0000000e+00	1.3632797e-01	0.0000000e+00
0.0000000e+00	0.0000000e+00	0.0000000e+00	2.4540013e+01	0.0000000e+00	0.0000000e+00	4.8052718e+01	0.0000000e+00	0.0000000e+00	0.0000000e+00	0.0000000e+00	0.0000000e+00	0.0000000e+00	0.0000000e+00
0.0000000e+00	0.0000000e+00	1.2581678e+01	4.1247886e+01	0.0000000e+00	0.0000000e+00	6.6993954e-01	0.0000000e+00	0.0000000e+00	1.6878815e-02	0.0000000e+00	8.1038846e+00	2.3546958e+00	0.0000000e+00
0.0000000e+00	0.0000000e+00	0.0000000e+00	0.0000000e+00	3.6926886e+01	1.1795772e+01	0.0000000e+00	0.0000000e+00	0.0000000e+00	0.0000000e+00	0.0000000e+00	0.0000000e+00	0.0000000e+00	0.0000000e+00
7.7119921e+00	0.0000000e+00	0.0000000e+00	0.0000000e+00	0.0000000e+00	0.0000000e+00	0.0000000e+00	0.0000000e+00	9.0490767e-01	2.8573767e+00	0.0000000e+00	0.0000000e+00	0.0000000e+00	0.0000000e+00
4.2485790e+00	0.0000000e+00	0.0000000e+00	0.0000000e+00	0.0000000e+00	0.0000000e+00	0.0000000e+00	4.2176209e-01	0.0000000e+00	0.0000000e+00	5.0453378e-01	0.0000000e+00	0.0000000e+00	0.0000000e+00
0.0000000e+00	0.0000000e+00	1.6778457e+02	0.0000000e+00	0.0000000e+00	4.9912514e-02	0.0000000e+00	2.7036055e+00	0.0000000e+00	0.0000000e+00	5.5866940e+00	0.0000000e+00	0.0000000e+00	0.0000000e+00
0.0000000e+00	0.0000000e+00	0.0000000e+00	5.2107235e+01	0.0000000e+00	7.2275649e-02	0.0000000e+00	0.0000000e+00	6.5830499e-01	1.1569566e+00	0.0000000e+00	0.0000000e+00	0.0000000e+00	0.0000000e+00
0.0000000e+00	0.0000000e+00	1.0291831e-01	0.0000000e+00	0.0000000e+00	8.7865434e+00	0.0000000e+00	0.0000000e+00	0.0000000e+00	0.0000000e+00	0.0000000e+00	0.0000000e+00	6.1290395e-02	0.0000000e+00
0.0000000e+00	0.0000000e+00	0.0000000e+00	4.0499946e-03	0.0000000e+00	1.8782940e+00	0.0000000e+00	0.0000000e+00	0.0000000e+00	0.0000000e+00	0.0000000e+00	6.6997018e-01	0.0000000e+00	0.0000000e+00
0.0000000e+00	0.0000000e+00	0.0000000e+00	0.0000000e+00	0.0000000e+00	0.0000000e+00	0.0000000e+00	0.0000000e+00	0.0000000e+00	0.0000000e+00	0.0000000e+00	0.0000000e+00	0.0000000e+00	0.0000000e+00

0.0000000e+00	4.7457488e-01	0.0000000e+00	0.0000000e+00	0.0000000e+00	0.0000000e+00	0.0000000e+00	8.1081162e+00	3.5855635e+00	0.0000000e+00	0.0000000e+00	0.0000000e+00	0.0000000e+00	0.0000000e+00
4.7457488e-01	0.0000000e+00	0.0000000e+00	0.0000000e+00	0.0000000e+00	0.0000000e+00	0.0000000e+00	0.0000000e+00	0.0000000e+00	0.0000000e+00	0.0000000e+00	0.0000000e+00	0.0000000e+00	0.0000000e+00
0.0000000e+00	0.0000000e+00	0.0000000e+00	2.7433698e+01	0.0000000e+00	8.3070200e+00	0.0000000e+00	0.0000000e+00	0.0000000e+00	1.7168597e+02	0.0000000e+00	1.9364733e-01	0.0000000e+00	0.0000000e+00
0.0000000e+00	0.0000000e+00	2.8157090e+01	0.0000000e+00	3.5477769e+01	3.4075904e+01	0.0000000e+00	0.0000000e+00	0.0000000e+00	0.0000000e+00	4.7833293e+01	0.0000000e+00	1.4138818e-01	0.0000000e+00
0.0000000e+00	0.0000000e+00	0.0000000e+00	2.4535723e+01	0.0000000e+00	0.0000000e+00	4.6985084e+01	0.0000000e+00	0.0000000e+00	0.0000000e+00	0.0000000e+00	0.0000000e+00	0.0000000e+00	0.0000000e+00
0.0000000e+00	0.0000000e+00	1.2383253e+01	4.1267631e+01	0.0000000e+00	0.0000000e+00	6.6994183e-01	0.0000000e+00	0.0000000e+00	1.8214288e-02	0.0000000e+00	8.3519098e+00	2.4382851e+00	0.0000000e+00
0.0000000e+00	0.0000000e+00	0.0000000e+00	0.0000000e+00	3.6043039e+01	1.1611988e+01	0.0000000e+00	0.0000000e+00	0.0000000e+00	0.0000000e+00	0.0000000e+00	0.0000000e+00	0.0000000e+00	0.0000000e+00
7.5787928e+00	0.0000000e+00	0.0000000e+00	0.0000000e+00	0.0000000e+00	0.0000000e+00	0.0000000e+00	0.0000000e+00	8.2884351e-01	2.6722364e+00	0.0000000e+00	0.0000000e+00	0.0000000e+00	0.0000000e+00
4.1148869e+00	0.0000000e+00	0.0000000e+00	0.0000000e+00	0.0000000e+00	0.0000000e+00	0.0000000e+00	4.2183416e-01	0.0000000e+00	0.0000000e+00	4.9065905e-01	0.0000000e+00	0.0000000e+00	0.0000000e+00
0.0000000e+00	0.0000000e+00	1.6697910e+02	0.0000000e+00	0.0000000e+00	4.6345995e-02	0.0000000e+00	2.5499224e+00	0.0000000e+00	0.0000000e+00	5.9580096e+00	0.0000000e+00	0.0000000e+00	0.0000000e+00
0.0000000e+00	0.0000000e+00	0.0000000e+00	5.2444138e+01	0.0000000e+00	6.7891092e-02	0.0000000e+00	0.0000000e+00	6.1297302e-01	1.1569595e+00	0.0000000e+00	0.0000000e+00	0.0000000e+00	0.0000000e+00
0.0000000e+00	0.0000000e+00	1.0089065e-01	0.0000000e+00	0.0000000e+00	9.0607421e+00	0.0000000e+00	0.0000000e+00	0.0000000e+00	0.0000000e+00	0.0000000e+00	0.0000000e+00	6.1293620e-02	0.0000000e+00
0.0000000e+00	0.0000000e+00	0.0000000e+00	4.2538723e-03	0.0000000e+00	1.9593437e+00	0.0000000e+00	0.0000000e+00	0.0000000e+00	0.0000000e+00	0.0000000e+00	6.7736931e-01	0.0000000e+00	0.0000000e+00
0.0000000e+00	0.0000000e+00	0.0000000e+00	0.0000000e+00	0.0000000e+00	0.0000000e+00	0.0000000e+00	0.0000000e+00	0.0000000e+00	0.0000000e+00	0.0000000e+00	0.0000000e+00	0.0000000e+00	0.0000000e+00

0.0000000e+00	4.7460734e-01	0.0000000e+00	0.0000000e+00	0.0000000e+00	0.0000000e+00	0.0000000e+00	8.1411568e+00	3.6818393e+00	0.0000000e+00	0.0000000e+00	0.0000000e+00	0.0000000e+00	0.0000000e+00
4.7460734e-01	0.0000000e+00	0.0000000e+00	0.0000000e+00	0.0000000e+00	0.0000000e+00	0.0000000e+00	0.0000000e+00	0.0000000e+00	0.0000000e+00	0.0000000e+00	0.0000000e+00	0.0000000e+00	0.0000000e+00
0.0000000e+00	0.0000000e+00	0.0000000e+00	2.7429452e+01	0.0000000e+00	8.3499723e+00	0.0000000e+00	0.0000000e+00	0.0000000e+00	1.7349073e+02	0.0000000e+00	2.1960381e-01	0.0000000e+00	0.0000000e+00
0.0000000e+00	0.0000000e+00	2.8701292e+01	0.0000000e+00	3.3554957e+01	3.4703913e+01	0.0000000e+00	0.0000000e+00	0.0000000e+00	0.0000000e+00	4.8926860e+01	0.0000000e+00	1.5293622e-01	0.0000000e+00
0.0000000e+00	0.0000000e+00	0.0000000e+00	2.4492739e+01	0.0000000e+00	0.0000000e+00	4.5370746e+01	0.0000000e+00	0.0000000e+00	0.0000000e+00	0.0000000e+00	0.0000000e+00	0.0000000e+00	0.0000000e+00
0.0000000e+00	0.0000000e+00	1.2109655e+01	4.0319244e+01	0.0000000e+00	0.0000000e+00	6.6997703e-01	0.0000000e+00	0.0000000e+00	2.7694339e-02	0.0000000e+00	8.3837148e+00	2.5007619e+00	0.0000000e+00
0.0000000e+00	0.0000000e+00	0.0000000e+00	0.0000000e+00	3.6308528e+01	9.7321946e+00	0.0000000e+00	0.0000000e+00	0.0000000e+00	0.0000000e+00	0.0000000e+00	0.0000000e+00	0.0000000e+00	0.0000000e+00
7.6647622e+00	0.0000000e+00	0.0000000e+00	0.0000000e+00	0.0000000e+00	0.0000000e+00	0.0000000e+00	0.0000000e+00	7.6044762e-01	2.7464261e+00	0.0000000e+00	0.0000000e+00	0.0000000e+00	0.0000000e+00
4.1582339e+00	0.0000000e+00	0.0000000e+00	0.0000000e+00	0.0000000e+00	0.0000000e+00	0.0000000e+00	4.2174214e-01	0.0000000e+00	0.0000000e+00	4.9766038e-01	0.0000000e+00	0.0000000e+00	0.0000000e+00
0.0000000e+00	0.0000000e+00	1.6856787e+02	0.0000000e+00	0.0000000e+00	3.0847462e-02	0.0000000e+00	2.6087370e+00	0.0000000e+00	0.0000000e+00	6.2143591e+00	0.0000000e+00	0.0000000e+00	0.0000000e+00
0.0000000e+00	0.0000000e+00	0.0000000e+00	5.3795052e+01	0.0000000e+00	5.1515920e-02	0.0000000e+00	0.0000000e+00	6.3534949e-01	1.1569624e+00	0.0000000e+00	0.0000000e+00	0.0000000e+00	0.0000000e+00
0.0000000e+00	0.0000000e+00	1.1094298e-01	0.0000000e+00	0.0000000e+00	9.1568782e+00	0.0000000e+00	0.0000000e+00	0.0000000e+00	0.0000000e+00	0.0000000e+00	0.0000000e+00	6.1295863e-02	0.0000000e+00
0.0000000e+00	0.0000000e+00	0.0000000e+00	3.4697682e-03	0.0000000e+00	1.9857257e+00	0.0000000e+00	0.0000000e+00	0.0000000e+00	0.0000000e+00	0.0000000e+00	7.2579844e-01	0.0000000e+00	0.0000000e+00
0.0000000e+00	0.0000000e+00	0.0000000e+00	0.0000000e+00	0.0000000e+00	0.0000000e+00	0.0000000e+00	0.0000000e+00	0.0000000e+00	0.0000000e+00	0.0000000e+00	0.0000000e+00	0.0000000e+00	0.0000000e+00

0.0000000e+00	4.7672916e-01	0.0000000e+00	0.0000000e+00	0.0000000e+00	0.0000000e+00	0.0000000e+00	7.7418297e+00	3.6834510e+00	0.0000000e+00	0.0000000e+00	0.0000000e+00	0.0000000e+00	0.0000000e+00
4.7672916e-01	0.0000000e+00	0.0000000e+00	0.0000000e+00	0.0000000e+00	0.0000000e+00	0.0000000e+00	0.0000000e+00	0.0000000e+00	0.0000000e+00	0.0000000e+00	0.0000000e+00	0.0000000e+00	0.0000000e+00
0.0000000e+00	0.0000000e+00	0.0000000e+00	2.7437381e+01	0.0000000e+00	8.4491167e+00	0.0000000e+00	0.0000000e+00	0.0000000e+00	1.7304623e+02	0.0000000e+00	2.0432229e-01	0.0000000e+00	0.0000000e+00
0.0000000e+00	0.0000000e+00	2.7618742e+01	0.0000000e+00	3.6216839e+01	3.5188838e+01	0.0000000e+00	0.0000000e+00	0.0000000e+00	0.0000000e+00	4.8697732e+01	0.0000000e+00	1.4676470e-01	0.0000000e+00
0.0000000e+00	0.0000000e+00	0.0000000e+00	2.4551242e+01	0.0000000e+00	0.0000000e+00	4.8613971e+01	0.0000000e+00	0.0000000e+00	0.0000000e+00	0.0000000e+00	0.0000000e+00	0.0000000e+00	0.0000000e+00
0.0000000e+00	0.0000000e+00	1.2463039e+01	4.3169793e+01	0.0000000e+00	0.0000000e+00	6.6993033e-01	0.0000000e+00	0.0000000e+00	2.0180982e-02	0.0000000e+00	8.5834417e+00	2.5754339e+00	0.0000000e+00
0.0000000e+00	0.0000000e+00	0.0000000e+00	0.0000000e+00	3.6948373e+01	1.2335528e+01	0.0000000e+00	0.0000000e+00	0.0000000e+00	0.0000000e+00	0.0000000e+00	0.0000000e+00	0.0000000e+00	0.0000000e+00
7.3519095e+00	0.0000000e+00	0.0000000e+00	0.0000000e+00	0.0000000e+00	0.0000000e+00	0.0000000e+00	0.0000000e+00	7.5315433e-01	2.5110778e+00	0.0000000e+00	0.0000000e+00	0.0000000e+00	0.0000000e+00
4.0733712e+00	0.0000000e+00	0.0000000e+00	0.0000000e+00	0.0000000e+00	0.0000000e+00	0.0000000e+00	4.2185295e-01	0.0000000e+00	0.0000000e+00	5.0858016e-01	0.0000000e+00	0.0000000e+00	0.0000000e+00
0.0000000e+00	0.0000000e+00	1.6896052e+02	0.0000000e+00	0.0000000e+00	3.9446733e-02	0.0000000e+00	2.4524589e+00	0.0000000e+00	0.0000000e+00	5.2820089e+00	0.0000000e+00	0.0000000e+00	0.0000000e+00
0.0000000e+00	0.0000000e+00	0.0000000e+00	5.2706441e+01	0.0000000e+00	5.7736079e-02	0.0000000e+00	0.0000000e+00	5.6719899e-01	1.1569446e+00	0.0000000e+00	0.0000000e+00	0.0000000e+00	0.0000000e+00
0.0000000e+00	0.0000000e+00	9.4749904e-02	0.0000000e+00	0.0000000e+00	9.3972569e+00	0.0000000e+00	0.0000000e+00	0.0000000e+00	0.0000000e+00	0.0000000e+00	0.0000000e+00	6.1297201e-02	0.0000000e+00
0.0000000e+00	0.0000000e+00	0.0000000e+00	4.0598961e-03	0.0000000e+00	2.0138958e+00	0.0000000e+00	0.0000000e+00	0.0000000e+00	0.0000000e+00	0.0000000e+00	7.6554004e-01	0.0000000e+00	0.0000000e+00
0.0000000e+00	0.0000000e+00	0.0000000e+00	0.0000000e+00	0.0000000e+00	0.0000000e+00	0.0000000e+00	0.0000000e+00	0.0000000e+00	0.0000000e+00	0.0000000e+00	0.0000000e+00	0.0000000e+00	0.0000000e+00

0.0000000e+00	4.7577951e-01	0.0000000e+00	0.0000000e+00	0.0000000e+00	0.0000000e+00	0.0000000e+00	7.8636424e+00	3.4868905e+00	0.0000000e+00	0.0000000e+00	0.0000000e+00	0.0000000e+00	0.0000000e+00
4.7577951e-01	0.0000000e+00	0.0000000e+00	0.0000000e+00	0.0000000e+00	0.0000000e+00	0.0000000e+00	0.0000000e+00	0.0000000e+00	0.0000000e+00	0.0000000e+00	0.0000000e+00	0.0000000e+00	0.0000000e+00
0.0000000e+00	0.0000000e+00	0.0000000e+00	2.7443909e+01	0.0000000e+00	8.3771671e+00	0.0000000e+00	0.0000000e+00	0.0000000e+00	1.7118007e+02	0.0000000e+00	1.4194179e-01	0.0000000e+00	0.0000000e+00
0.0000000e+00	0.0000000e+00	2.8989554e+01	0.0000000e+00	3.4252604e+01	3.2835389e+01	0.0000000e+00	0.0000000e+00	0.0000000e+00	0.0000000e+00	4.6995261e+01	0.0000000e+00	8.9505759e-02	0.0000000e+00
0.0000000e+00	0.0000000e+00	0.0000000e+00	2.4547698e+01	0.0000000e+00	0.0000000e+00	4.4270079e+01	0.0000000e+00	0.0000000e+00	0.0000000e+00	0.0000000e+00	0.0000000e+00	0.0000000e+00	0.0000000e+00
0.0000000e+00	0.0000000e+00	1.0781433e+01	4.0514124e+01	0.0000000e+00	0.0000000e+00	6.6993456e-01	0.0000000e+00	0.0000000e+00	0.0000000e+00	0.0000000e+00	7.7863024e+00	2.1771982e+00	0.0000000e+00
0.0000000e+00	0.0000000e+00	0.0000000e+00	0.0000000e+00	3.4565173e+01	1.0374841e+01	0.0000000e+00	0.0000000e+00	0.0000000e+00	0.0000000e+00	0.0000000e+00	0.0000000e+00	0.0000000e+00	0.0000000e+00
7.3405224e+00	0.0000000e+00	0.0000000e+00	0.0000000e+00	0.0000000e+00	0.0000000e+00	0.0000000e+00	0.0000000e+00	8.3385163e-01	2.6430532e+00	0.0000000e+00	0.0000000e+00	0.0000000e+00	0.0000000e+00
4.0100106e+00	0.0000000e+00	0.0000000e+00	0.0000000e+00	0.0000000e+00	0.0000000e+00	0.0000000e+00	4.2211360e-01	0.0000000e+00	0.0000000e+00	4.8687248e-01	0.0000000e+00	0.0000000e+00	0.0000000e+00
0.0000000e+00	0.0000000e+00	1.6730222e+02	0.0000000e+00	0.0000000e+00	1.1438640e-01	0.0000000e+00	2.5316712e+00	0.0000000e+00	0.0000000e+00	5.0317663e+00	0.0000000e+00	0.0000000e+00	0.0000000e+00
0.0000000e+00	0.0000000e+00	0.0000000e+00	5.0652170e+01	0.0000000e+00	1.0655972e-01	0.0000000e+00	0.0000000e+00	5.9825454e-01	1.1569151e+00	0.0000000e+00	0.0000000e+00	0.0000000e+00	0.0000000e+00
0.0000000e+00	0.0000000e+00	6.9886588e-02	0.0000000e+00	0.0000000e+00	8.3020458e+00	0.0000000e+00	0.0000000e+00	0.0000000e+00	0.0000000e+00	0.0000000e+00	0.0000000e+00	6.1280521e-02	0.0000000e+00
0.0000000e+00	0.0000000e+00	0.0000000e+00	4.4128558e-03	0.0000000e+00	1.8186029e+00	0.0000000e+00	0.0000000e+00	0.0000000e+00	0.0000000e+00	0.0000000e+00	5.0496868e-01	0.0000000e+00	0.0000000e+00
0.0000000e+00	0.0000000e+00	0.0000000e+00	0.0000000e+00	0.0000000e+00	0.0000000e+00	0.0000000e+00	0.0000000e+00	0.0000000e+00	0.0000000e+00	0.0000000e+00	0.0000000e+00	0.0000000e+00	0.0000000e+00

0.0000000e+00	4.7521900e-01	0.0000000e+00	0.0000000e+00	0.0000000e+00	0.0000000e+00	0.0000000e+00	7.8250001e+00	3.4410343e+00	0.0000000e+00	0.0000000e+00	0.0000000e+00	0.0000000e+00	0.0000000e+00
4.7521900e-01	0.0000000e+00	0.0000000e+00	0.0000000e+00	0.0000000e+00	0.0000000e+00	0.0000000e+00	0.0000000e+00	0.0000000e+00	0.0000000e+00	0.0000000e+00	0.0000000e+00	0.0000000e+00	0.0000000e+00
0.0000000e+00	0.0000000e+00	0.0000000e+00	2.7438661e+01	0.0000000e+00	8.5363992e+00	0.0000000e+00	0.0000000e+00	0.0000000e+00	1.6741964e+02	0.0000000e+00	1.6887021e-01	0.0000000e+00	0.0000000e+00
0.0000000e+00	0.0000000e+00	2.8085495e+01	0.0000000e+00	3.5499336e+01	3.3810546e+01	0.0000000e+00	0.0000000e+00	0.0000000e+00	0.0000000e+00	4.6454926e+01	0.0000000e+00	1.2822581e-01	0.0000000e+00
0.0000000e+00	0.0000000e+00	0.0000000e+00	2.4551875e+01	0.0000000e+00	0.0000000e+00	4.8418774e+01	0.0000000e+00	0.0000000e+00	0.0000000e+00	0.0000000e+00	0.0000000e+00	0.0000000e+00	0.0000000e+00
0.0000000e+00	0.0000000e+00	1.2242646e+01	4.1386109e+01	0.0000000e+00	0.0000000e+00	6.6993332e-01	0.0000000e+00	0.0000000e+00	8.5646657e-03	0.0000000e+00	7.9116652e+00	2.3267258e+00	0.0000000e+00
0.0000000e+00	0.0000000e+00	0.0000000e+00	0.0000000e+00	3.7471313e+01	1.1617394e+01	0.0000000e+00	0.0000000e+00	0.0000000e+00	0.0000000e+00	0.0000000e+00	0.0000000e+00	0.0000000e+00	0.0000000e+00
7.3251310e+00	0.0000000e+00	0.0000000e+00	0.0000000e+00	0.0000000e+00	0.0000000e+00	0.0000000e+00	0.0000000e+00	8.3326112e-01	2.4742829e+00	0.0000000e+00	0.0000000e+00	0.0000000e+00	0.0000000e+00
3.9409034e+00	0.0000000e+00	0.0000000e+00	0.0000000e+00	0.0000000e+00	0.0000000e+00	0.0000000e+00	4.2204665e-01	0.0000000e+00	0.0000000e+00	4.8860323e-01	0.0000000e+00	0.0000000e+00	0.0000000e+00
0.0000000e+00	0.0000000e+00	1.6313073e+02	0.0000000e+00	0.0000000e+00	6.4967419e-02	0.0000000e+00	2.3856282e+00	0.0000000e+00	0.0000000e+00	5.4781107e+00	0.0000000e+00	0.0000000e+00	0.0000000e+00
0.0000000e+00	0.0000000e+00	0.0000000e+00	5.0597233e+01	0.0000000e+00	9.0202941e-02	0.0000000e+00	0.0000000e+00	5.7725784e-01	1.1569465e+00	0.0000000e+00	0.0000000e+00	0.0000000e+00	0.0000000e+00
0.0000000e+00	0.0000000e+00	1.0470150e-01	0.0000000e+00	0.0000000e+00	8.5889880e+00	0.0000000e+00	0.0000000e+00	0.0000000e+00	0.0000000e+00	0.0000000e+00	0.0000000e+00	6.1285641e-02	0.0000000e+00
0.0000000e+00	0.0000000e+00	0.0000000e+00	4.6507929e-03	0.0000000e+00	1.8371468e+00	0.0000000e+00	0.0000000e+00	0.0000000e+00	0.0000000e+00	0.0000000e+00	6.7443969e-01	0.0000000e+00	0.0000000e+00
0.0000000e+00	0.0000000e+00	0.0000000e+00	0.0000000e+00	0.0000000e+00	0.0000000e+00	0.0000000e+00	0.0000000e+00	0.0000000e+00	0.0000000e+00	0.0000000e+00	0.0000000e+00	0.0000000e+00	0.0000000e+00

0.0000000e+00	4.7826581e-01	0.0000000e+00	0.0000000e+00	0.0000000e+00	0.0000000e+00	0.0000000e+00	7.1471313e+00	3.6320773e+00	0.0000000e+00	0.0000000e+00	0.0000000e+00	0.0000000e+00	0.0000000e+00
4.7826581e-01	0.0000000e+00	0.0000000e+00	0.0000000e+00	0.0000000e+00	0.0000000e+00	0.0000000e+00	0.0000000e+00	0.0000000e+00	0.0000000e+00	0.0000000e+00	0.0000000e+00	0.0000000e+00	0.0000000e+00
0.0000000e+00	0.0000000e+00	0.0000000e+00	2.7431352e+01	0.0000000e+00	8.4681763e+00	0.0000000e+00	0.0000000e+00	0.0000000e+00	1.7023800e+02	0.0000000e+00	2.5984272e-01	0.0000000e+00	0.0000000e+00
0.0000000e+00	0.0000000e+00	2.8523893e+01	0.0000000e+00	3.3939409e+01	3.5357108e+01	0.0000000e+00	0.0000000e+00	0.0000000e+00	0.0000000e+00	4.9236622e+01	0.0000000e+00	1.7318250e-01	0.0000000e+00
0.0000000e+00	0.0000000e+00	0.0000000e+00	2.4532346e+01	0.0000000e+00	0.0000000e+00	4.4571398e+01	0.0000000e+00	0.0000000e+00	0.0000000e+00	0.0000000e+00	0.0000000e+00	0.0000000e+00	0.0000000e+00
0.0000000e+00	0.0000000e+00	1.1768700e+01	4.1797913e+01	0.0000000e+00	0.0000000e+00	6.6994815e-01	0.0000000e+00	0.0000000e+00	3.8442539e-02	7.0758228e-03	8.6990772e+00	2.7147381e+00	0.0000000e+00
0.0000000e+00	0.0000000e+00	0.0000000e+00	0.0000000e+00	3.5164334e+01	1.0077012e+01	0.0000000e+00	0.0000000e+00	0.0000000e+00	0.0000000e+00	0.0000000e+00	0.0000000e+00	0.0000000e+00	0.0000000e+00
6.9524068e+00	0.0000000e+00	0.0000000e+00	0.0000000e+00	0.0000000e+00	0.0000000e+00	0.0000000e+00	0.0000000e+00	6.8739065e-01	2.0899772e+00	0.0000000e+00	0.0000000e+00	0.0000000e+00	0.0000000e+00
3.8268019e+00	0.0000000e+00	0.0000000e+00	0.0000000e+00	0.0000000e+00	0.0000000e+00	0.0000000e+00	4.2192744e-01	0.0000000e+00	0.0000000e+00	5.3752512e-01	0.0000000e+00	0.0000000e+00	0.0000000e+00
0.0000000e+00	0.0000000e+00	1.6599843e+02	0.0000000e+00	0.0000000e+00	1.4185052e-02	0.0000000e+00	2.1607158e+00	0.0000000e+00	0.0000000e+00	5.3500185e+00	0.0000000e+00	0.0000000e+00	0.0000000e+00
0.0000000e+00	0.0000000e+00	0.0000000e+00	5.3466685e+01	0.0000000e+00	4.0837310e-02	0.0000000e+00	0.0000000e+00	4.6678650e-01	1.1569329e+00	0.0000000e+00	0.0000000e+00	0.0000000e+00	0.0000000e+00
0.0000000e+00	0.0000000e+00	1.0634481e-01	0.0000000e+00	0.0000000e+00	9.6583434e+00	0.0000000e+00	0.0000000e+00	0.0000000e+00	0.0000000e+00	0.0000000e+00	0.0000000e+00	6.1299730e-02	0.0000000e+00
0.0000000e+00	0.0000000e+00	0.0000000e+00	1.9191355e-03	0.0000000e+00	2.0802331e+00	0.0000000e+00	0.0000000e+00	0.0000000e+00	0.0000000e+00	0.0000000e+00	8.6706806e-01	0.0000000e+00	0.0000000e+00
0.0000000e+00	0.0000000e+00	0.0000000e+00	0.0000000e+00	0.0000000e+00	0.0000000e+00	0.0000000e+00	0.0000000e+00	0.0000000e+00	0.0000000e+00	0.0000000e+00	0.0000000e+00	0.0000000e+00	0.0000000e+00

0.0000000e+00	4.7531888e-01	0.0000000e+00	0.0000000e+00	0.0000000e+00	0.0000000e+00	0.0000000e+00	8.8130215e+00	3.6450806e+00	0.0000000e+00	0.0000000e+00	0.0000000e+00	0.0000000e+00	0.0000000e+00
4.7531888e-01	0.0000000e+00	0.0000000e+00	0.0000000e+00	0.0000000e+00	0.0000000e+00	0.0000000e+00	0.0000000e+00	0.0000000e+00	0.0000000e+00	0.0000000e+00	0.0000000e+00	0.0000000e+00	0.0000000e+00
0.0000000e+00	0.0000000e+00	0.0000000e+00	3.0004268e+01	0.0000000e+00	7.4154622e+00	0.0000000e+00	0.0000000e+00	0.0000000e+00	1.7949463e+02	0.0000000e+00	2.5115275e-01	0.0000000e+00	0.0000000e+00
0.0000000e+00	0.0000000e+00	2.7166115e+01	0.0000000e+00	3.7991699e+01	3.5996022e+01	0.0000000e+00	0.0000000e+00	0.0000000e+00	0.0000000e+00	5.0958331e+01	0.0000000e+00	1.7605935e-01	0.0000000e+00
0.0000000e+00	0.0000000e+00	0.0000000e+00	2.4552404e+01	0.0000000e+00	0.0000000e+00	5.5606890e+01	0.0000000e+00	0.0000000e+00	0.0000000e+00	0.0000000e+00	0.0000000e+00	0.0000000e+00	0.0000000e+00
0.0000000e+00	0.0000000e+00	1.4387888e+01	4.2775268e+01	0.0000000e+00	0.0000000e+00	6.6992979e-01	0.0000000e+00	0.0000000e+00	4.2577454e-02	4.8166424e-03	8.9994932e+00	2.8038204e+00	0.0000000e+00
0.0000000e+00	0.0000000e+00	0.0000000e+00	0.0000000e+00	4.2167596e+01	1.4109224e+01	0.0000000e+00	0.0000000e+00	0.0000000e+00	0.0000000e+00	0.0000000e+00	0.0000000e+00	0.0000000e+00	0.0000000e+00
8.1595215e+00	0.0000000e+00	0.0000000e+00	0.0000000e+00	0.0000000e+00	0.0000000e+00	0.0000000e+00	0.0000000e+00	9.0926395e-01	2.9894165e+00	0.0000000e+00	0.0000000e+00	0.0000000e+00	0.0000000e+00
4.2985806e+00	0.0000000e+00	0.0000000e+00	0.0000000e+00	0.0000000e+00	0.0000000e+00	0.0000000e+00	4.2178317e-01	0.0000000e+00	0.0000000e+00	5.2339074e-01	0.0000000e+00	0.0000000e+00	0.0000000e+00
0.0000000e+00	0.0000000e+00	1.7549073e+02	0.0000000e+00	0.0000000e+00	1.3111145e-02	0.0000000e+00	2.8233973e+00	0.0000000e+00	0.0000000e+00	5.3563448e+00	0.0000000e+00	0.0000000e+00	0.0000000e+00
0.0000000e+00	0.0000000e+00	0.0000000e+00	5.4952554e+01	0.0000000e+00	4.3956207e-02	0.0000000e+00	0.0000000e+00	6.8940991e-01	1.1569625e+00	0.0000000e+00	0.0000000e+00	0.0000000e+00	0.0000000e+00
0.0000000e+00	0.0000000e+00	1.2077729e-01	0.0000000e+00	0.0000000e+00	9.9722445e+00	0.0000000e+00	0.0000000e+00	0.0000000e+00	0.0000000e+00	0.0000000e+00	0.0000000e+00	6.1305199e-02	0.0000000e+00
0.0000000e+00	0.0000000e+00	0.0000000e+00	3.7308862e-03	0.0000000e+00	2.1337730e+00	0.0000000e+00	0.0000000e+00	0.0000000e+00	0.0000000e+00	0.0000000e+00	9.0368101e-01	0.0000000e+00	0.0000000e+00
0.0000000e+00	0.0000000e+00	0.0000000e+00	0.0000000e+00	0.0000000e+00	0.0000000e+00	0.0000000e+00	0.0000000e+00	0.0000000e+00	0.0000000e+00	0.0000000e+00	0.0000000e+00	0.0000000e+00	0.0000000e+00

0.0000000e+00	4.7440308e-01	0.0000000e+00	0.0000000e+00	0.0000000e+00	0.0000000e+00	0.0000000e+00	8.7190290e+00	3.5308982e+00	0.0000000e+00	0.0000000e+00	0.0000000e+00	0.0000000e+00	0.0000000e+00
4.7440308e-01	0.0000000e+00	0.0000000e+00	0.0000000e+00	0.0000000e+00	0.0000000e+00	0.0000000e+00	0.0000000e+00	0.0000000e+00	0.0000000e+00	0.0000000e+00	0.0000000e+00	0.0000000e+00	0.0000000e+00
0.0000000e+00	0.0000000e+00	0.0000000e+00	2.9564644e+01	0.0000000e+00	7.8243806e+00	0.0000000e+00	0.0000000e+00	0.0000000e+00	1.7931913e+02	0.0000000e+00	2.0335504e-01	0.0000000e+00	0.0000000e+00
0.0000000e+00	0.0000000e+00	2.7165170e+01	0.0000000e+00	3.8206258e+01	3.7094541e+01	0.0000000e+00	0.0000000e+00	0.0000000e+00	0.0000000e+00	4.9778476e+01	0.0000000e+00	1.5214450e-01	0.0000000e+00
0.0000000e+00	0.0000000e+00	0.0000000e+00	2.4561127e+01	0.0000000e+00	0.0000000e+00	5.8323418e+01	0.0000000e+00	0.0000000e+00	0.0000000e+00	0.0000000e+00	0.0000000e+00	0.0000000e+00	0.0000000e+00
0.0000000e+00	0.0000000e+00	1.4443724e+01	4.4429486e+01	0.0000000e+00	0.0000000e+00	6.6992512e-01	0.0000000e+00	0.0000000e+00	2.5463092e-02	0.0000000e+00	8.5619142e+00	2.5913314e+00	0.0000000e+00
0.0000000e+00	0.0000000e+00	0.0000000e+00	0.0000000e+00	4.4678287e+01	1.4315055e+01	0.0000000e+00	0.0000000e+00	0.0000000e+00	0.0000000e+00	0.0000000e+00	0.0000000e+00	0.0000000e+00	0.0000000e+00
7.9811259e+00	0.0000000e+00	0.0000000e+00	0.0000000e+00	0.0000000e+00	0.0000000e+00	0.0000000e+00	0.0000000e+00	9.7530750e-01	3.0683542e+00	0.0000000e+00	0.0000000e+00	0.0000000e+00	0.0000000e+00
4.2688013e+00	0.0000000e+00	0.0000000e+00	0.0000000e+00	0.0000000e+00	0.0000000e+00	0.0000000e+00	4.2184449e-01	0.0000000e+00	0.0000000e+00	5.2449519e-01	0.0000000e+00	0.0000000e+00	0.0000000e+00
0.0000000e+00	0.0000000e+00	1.7519490e+02	0.0000000e+00	0.0000000e+00	3.3733268e-02	0.0000000e+00	2.8839141e+00	0.0000000e+00	0.0000000e+00	5.4573687e+00	0.0000000e+00	0.0000000e+00	0.0000000e+00
0.0000000e+00	0.0000000e+00	0.0000000e+00	5.3836955e+01	0.0000000e+00	5.7483186e-02	0.0000000e+00	0.0000000e+00	7.0893529e-01	1.1569664e+00	0.0000000e+00	0.0000000e+00	0.0000000e+00	0.0000000e+00
0.0000000e+00	0.0000000e+00	1.0771858e-01	0.0000000e+00	0.0000000e+00	9.4351214e+00	0.0000000e+00	0.0000000e+00	0.0000000e+00	0.0000000e+00	0.0000000e+00	0.0000000e+00	6.1298351e-02	0.0000000e+00
0.0000000e+00	0.0000000e+00	0.0000000e+00	4.3763036e-03	0.0000000e+00	1.9615288e+00	0.0000000e+00	0.0000000e+00	0.0000000e+00	0.0000000e+00	0.0000000e+00	8.3886911e-01	0.0000000e+00	0.0000000e+00
0.0000000e+00	0.0000000e+00	0.0000000e+00	0.0000000e+00	0.0000000e+00	0.0000000e+00	0.0000000e+00	0.0000000e+00	0.0000000e+00	0.0000000e+00	0.0000000e+00	0.0000000e+00	0.0000000e+00	0.0000000e+00

0.0000000e+00	4.7434658e-01	0.0000000e+00	0.0000000e+00	0.0000000e+00	0.0000000e+00	0.0000000e+00	8.7461793e+00	3.6673272e+00	0.0000000e+00	0.0000000e+00	0.0000000e+00	0.0000000e+00	0.0000000e+00
4.7434658e-01	0.0000000e+00	0.0000000e+00	0.0000000e+00	0.0000000e+00	0.0000000e+00	0.0000000e+00	0.0000000e+00	0.0000000e+00	0.0000000e+00	0.0000000e+00	0.0000000e+00	0.0000000e+00	0.0000000e+00
0.0000000e+00	0.0000000e+00	0.0000000e+00	2.9260441e+01	0.0000000e+00	7.7402899e+00	0.0000000e+00	0.0000000e+00	0.0000000e+00	1.7901289e+02	0.0000000e+00	2.2895435e-01	0.0000000e+00	0.0000000e+00
0.0000000e+00	0.0000000e+00	2.7164348e+01	0.0000000e+00	3.7752308e+01	3.5364471e+01	0.0000000e+00	0.0000000e+00	0.0000000e+00	0.0000000e+00	5.0263825e+01	0.0000000e+00	1.7279506e-01	0.0000000e+00
0.0000000e+00	0.0000000e+00	0.0000000e+00	2.4551793e+01	0.0000000e+00	0.0000000e+00	5.3674476e+01	0.0000000e+00	0.0000000e+00	0.0000000e+00	0.0000000e+00	0.0000000e+00	0.0000000e+00	0.0000000e+00
0.0000000e+00	0.0000000e+00	1.4330450e+01	4.2271473e+01	0.0000000e+00	0.0000000e+00	6.6992962e-01	0.0000000e+00	0.0000000e+00	4.0278923e-02	0.0000000e+00	8.5119921e+00	2.6110028e+00	0.0000000e+00
0.0000000e+00	0.0000000e+00	0.0000000e+00	0.0000000e+00	4.0473961e+01	1.3870445e+01	0.0000000e+00	0.0000000e+00	0.0000000e+00	0.0000000e+00	0.0000000e+00	0.0000000e+00	0.0000000e+00	0.0000000e+00
8.1102933e+00	0.0000000e+00	0.0000000e+00	0.0000000e+00	0.0000000e+00	0.0000000e+00	0.0000000e+00	0.0000000e+00	8.5469535e-01	3.1135769e+00	0.0000000e+00	0.0000000e+00	0.0000000e+00	0.0000000e+00
4.3032131e+00	0.0000000e+00	0.0000000e+00	0.0000000e+00	0.0000000e+00	0.0000000e+00	0.0000000e+00	4.2178020e-01	0.0000000e+00	0.0000000e+00	5.2564263e-01	0.0000000e+00	0.0000000e+00	0.0000000e+00
0.0000000e+00	0.0000000e+00	1.7462115e+02	0.0000000e+00	0.0000000e+00	1.8159505e-02	0.0000000e+00	2.9106061e+00	0.0000000e+00	0.0000000e+00	5.7737915e+00	0.0000000e+00	0.0000000e+00	0.0000000e+00
0.0000000e+00	0.0000000e+00	0.0000000e+00	5.4629841e+01	0.0000000e+00	4.7844181e-02	0.0000000e+00	0.0000000e+00	7.2861341e-01	1.1569611e+00	0.0000000e+00	0.0000000e+00	0.0000000e+00	0.0000000e+00
0.0000000e+00	0.0000000e+00	1.2662750e-01	0.0000000e+00	0.0000000e+00	9.4323215e+00	0.0000000e+00	0.0000000e+00	0.0000000e+00	0.0000000e+00	0.0000000e+00	0.0000000e+00	6.1299258e-02	0.0000000e+00
0.0000000e+00	0.0000000e+00	0.0000000e+00	4.1998692e-03	0.0000000e+00	1.9615955e+00	0.0000000e+00	0.0000000e+00	0.0000000e+00	0.0000000e+00	0.0000000e+00	8.7930172e-01	0.0000000e+00	0.0000000e+00
0.0000000e+00	0.0000000e+00	0.0000000e+00	0.0000000e+00	0.0000000e+00	0.0000000e+00	0.0000000e+00	0.0000000e+00	0.0000000e+00	0.0000000e+00	0.0000000e+00	0.0000000e+00	0.0000000e+00	0.0000000e+00

0.0000000e+00	4.7611775e-01	0.0000000e+00	0.0000000e+00	0.0000000e+00	0.0000000e+00	0.0000000e+00	8.5752332e+00	3.6880898e+00	0.0000000e+00	0.0000000e+00	0.0000000e+00	0.0000000e+00	0.0000000e+00
4.7611775e-01	0.0000000e+00	0.0000000e+00	0.0000000e+00	0.0000000e+00	0.0000000e+00	0.0000000e+00	0.0000000e+00	0.0000000e+00	0.0000000e+00	0.0000000e+00	0.0000000e+00	0.0000000e+00	0.0000000e+00
0.0000000e+00	0.0000000e+00	0.0000000e+00	2.9903286e+01	0.0000000e+00	7.4990564e+00	0.0000000e+00	0.0000000e+00	0.0000000e+00	1.7942747e+02	0.0000000e+00	2.5335554e-01	0.0000000e+00	0.0000000e+00
0.0000000e+00	0.0000000e+00	2.7166312e+01	0.0000000e+00	3.8021355e+01	3.4741788e+01	0.0000000e+00	0.0000000e+00	0.0000000e+00	0.0000000e+00	5.1323621e+01	0.0000000e+00	1.8664932e-01	0.0000000e+00
0.0000000e+00	0.0000000e+00	0.0000000e+00	2.4550035e+01	0.0000000e+00	0.0000000e+00	5.3139100e+01	0.0000000e+00	0.0000000e+00	0.0000000e+00	0.0000000e+00	0.0000000e+00	0.0000000e+00	0.0000000e+00
0.0000000e+00	0.0000000e+00	1.4398229e+01	4.1612344e+01	0.0000000e+00	0.0000000e+00	6.6992952e-01	0.0000000e+00	0.0000000e+00	5.1847203e-02	7.9696584e-03	8.6957400e+00	2.6817500e+00	0.0000000e+00
0.0000000e+00	0.0000000e+00	0.0000000e+00	0.0000000e+00	3.9667779e+01	1.4141250e+01	0.0000000e+00	0.0000000e+00	0.0000000e+00	0.0000000e+00	0.0000000e+00	0.0000000e+00	0.0000000e+00	0.0000000e+00
8.0125853e+00	0.0000000e+00	0.0000000e+00	0.0000000e+00	0.0000000e+00	0.0000000e+00	0.0000000e+00	0.0000000e+00	8.0429032e-01	2.9564791e+00	0.0000000e+00	0.0000000e+00	0.0000000e+00	0.0000000e+00
4.2507377e+00	0.0000000e+00	0.0000000e+00	0.0000000e+00	0.0000000e+00	0.0000000e+00	0.0000000e+00	4.2178992e-01	0.0000000e+00	0.0000000e+00	5.0775491e-01	0.0000000e+00	0.0000000e+00	0.0000000e+00
0.0000000e+00	0.0000000e+00	1.7538748e+02	0.0000000e+00	0.0000000e+00	8.1481144e-03	0.0000000e+00	2.7763316e+00	0.0000000e+00	0.0000000e+00	5.4208004e+00	0.0000000e+00	0.0000000e+00	0.0000000e+00
0.0000000e+00	0.0000000e+00	0.0000000e+00	5.5370294e+01	0.0000000e+00	4.4988026e-02	0.0000000e+00	0.0000000e+00	6.8790238e-01	1.1569618e+00	0.0000000e+00	0.0000000e+00	0.0000000e+00	0.0000000e+00
0.0000000e+00	0.0000000e+00	1.3114917e-01	0.0000000e+00	0.0000000e+00	9.6510295e+00	0.0000000e+00	0.0000000e+00	0.0000000e+00	0.0000000e+00	0.0000000e+00	0.0000000e+00	6.1301256e-02	0.0000000e+00
0.0000000e+00	0.0000000e+00	0.0000000e+00	3.7676300e-03	0.0000000e+00	2.0315485e+00	0.0000000e+00	0.0000000e+00	0.0000000e+00	0.0000000e+00	0.0000000e+00	8.9438443e-01	0.0000000e+00	0.0000000e+00
0.0000000e+00	0.0000000e+00	0.0000000e+00	0.0000000e+00	0.0000000e+00	0.0000000e+00	0.0000000e+00	0.0000000e+00	0.0000000e+00	0.0000000e+00	0.0000000e+00	0.0000000e+00	0.0000000e+00	0.0000000e+00

0.0000000e+00	4.7726068e-01	0.0000000e+00	0.0000000e+00	0.0000000e+00	0.0000000e+00	0.0000000e+00	8.1574642e+00	3.6894452e+00	0.0000000e+00	0.0000000e+00	0.0000000e+00	0.0000000e+00	0.0000000e+00
4.7726068e-01	0.0000000e+00	0.0000000e+00	0.0000000e+00	0.0000000e+00	0.0000000e+00	0.0000000e+00	0.0000000e+00	0.0000000e+00	0.0000000e+00	0.0000000e+00	0.0000000e+00	0.0000000e+00	0.0000000e+00
0.0000000e+00	0.0000000e+00	0.0000000e+00	2.9322447e+01	0.0000000e+00	7.9660909e+00	0.0000000e+00	0.0000000e+00	0.0000000e+00	1.7871131e+02	0.0000000e+00	2.0388307e-01	0.0000000e+00	0.0000000e+00
0.0000000e+00	0.0000000e+00	2.7161503e+01	0.0000000e+00	3.8459908e+01	3.6246906e+01	0.0000000e+00	0.0000000e+00	0.0000000e+00	0.0000000e+00	5.0288125e+01	0.0000000e+00	1.5240739e-01	0.0000000e+00
0.0000000e+00	0.0000000e+00	0.0000000e+00	2.4580281e+01	0.0000000e+00	0.0000000e+00	5.4254638e+01	0.0000000e+00	0.0000000e+00	0.0000000e+00	0.0000000e+00	0.0000000e+00	0.0000000e+00	0.0000000e+00
0.0000000e+00	0.0000000e+00	1.4269975e+01	4.4123746e+01	0.0000000e+00	0.0000000e+00	6.6990886e-01	0.0000000e+00	0.0000000e+00	2.7805874e-02	0.0000000e+00	9.0241784e+00	2.7667842e+00	0.0000000e+00
0.0000000e+00	0.0000000e+00	0.0000000e+00	0.0000000e+00	4.0375012e+01	1.4549535e+01	0.0000000e+00	0.0000000e+00	0.0000000e+00	0.0000000e+00	0.0000000e+00	0.0000000e+00	0.0000000e+00	0.0000000e+00
7.6651881e+00	0.0000000e+00	0.0000000e+00	0.0000000e+00	0.0000000e+00	0.0000000e+00	0.0000000e+00	0.0000000e+00	8.0384402e-01	2.7529102e+00	0.0000000e+00	0.0000000e+00	0.0000000e+00	0.0000000e+00
4.1817212e+00	0.0000000e+00	0.0000000e+00	0.0000000e+00	0.0000000e+00	0.0000000e+00	0.0000000e+00	4.2187897e-01	0.0000000e+00	0.0000000e+00	5.1629042e-01	0.0000000e+00	0.0000000e+00	0.0000000e+00
0.0000000e+00	0.0000000e+00	1.7466186e+02	0.0000000e+00	0.0000000e+00	3.1101448e-02	0.0000000e+00	2.6425992e+00	0.0000000e+00	0.0000000e+00	5.3134065e+00	0.0000000e+00	0.0000000e+00	0.0000000e+00
0.0000000e+00	0.0000000e+00	0.0000000e+00	5.4277867e+01	0.0000000e+00	5.6413182e-02	0.0000000e+00	0.0000000e+00	6.2660143e-01	1.1569402e+00	0.0000000e+00	0.0000000e+00	0.0000000e+00	0.0000000e+00
0.0000000e+00	0.0000000e+00	1.1039340e-01	0.0000000e+00	0.0000000e+00	9.9551297e+00	0.0000000e+00	0.0000000e+00	0.0000000e+00	0.0000000e+00	0.0000000e+00	0.0000000e+00	6.1302529e-02	0.0000000e+00
0.0000000e+00	0.0000000e+00	0.0000000e+00	4.5084005e-03	0.0000000e+00	2.0772215e+00	0.0000000e+00	0.0000000e+00	0.0000000e+00	0.0000000e+00	0.0000000e+00	8.9876419e-01	0.0000000e+00	0.0000000e+00
0.0000000e+00	0.0000000e+00	0.0000000e+00	0.0000000e+00	0.0000000e+00	0.0000000e+00	0.0000000e+00	0.0000000e+00	0.0000000e+00	0.0000000e+00	0.0000000e+00	0.0000000e+00	0.0000000e+00	0.0000000e+00

0.0000000e+00	4.7602747e-01	0.0000000e+00	0.0000000e+00	0.0000000e+00	0.0000000e+00	0.0000000e+00	8.5614177e+00	3.5288578e+00	0.0000000e+00	0.0000000e+00	0.0000000e+00	0.0000000e+00	0.0000000e+00
4.7602747e-01	0.0000000e+00	0.0000000e+00	0.0000000e+00	0.0000000e+00	0.0000000e+00	0.0000000e+00	0.0000000e+00	0.0000000e+00	0.0000000e+00	0.0000000e+00	0.0000000e+00	0.0000000e+00	0.0000000e+00
0.0000000e+00	0.0000000e+00	0.0000000e+00	2.7443249e+01	0.0000000e+00	1.0218248e+01	0.0000000e+00	0.0000000e+00	0.0000000e+00	1.8017879e+02	0.0000000e+00	1.7724308e-01	0.0000000e+00	0.0000000e+00
0.0000000e+00	0.0000000e+00	2.8734056e+01	0.0000000e+00	3.4675901e+01	4.0890711e+01	0.0000000e+00	0.0000000e+00	0.0000000e+00	0.0000000e+00	4.9454570e+01	0.0000000e+00	1.1777669e-01	0.0000000e+00
0.0000000e+00	0.0000000e+00	0.0000000e+00	2.4529586e+01	0.0000000e+00	0.0000000e+00	5.7040195e+01	0.0000000e+00	0.0000000e+00	0.0000000e+00	0.0000000e+00	0.0000000e+00	0.0000000e+00	0.0000000e+00
0.0000000e+00	0.0000000e+00	1.2560413e+01	4.9106785e+01	0.0000000e+00	0.0000000e+00	6.6995540e-01	0.0000000e+00	0.0000000e+00	0.0000000e+00	0.0000000e+00	7.9381763e+00	2.3031979e+00	0.0000000e+00
0.0000000e+00	0.0000000e+00	0.0000000e+00	0.0000000e+00	4.6893881e+01	1.0816270e+01	0.0000000e+00	0.0000000e+00	0.0000000e+00	0.0000000e+00	0.0000000e+00	0.0000000e+00	0.0000000e+00	0.0000000e+00
7.8060641e+00	0.0000000e+00	0.0000000e+00	0.0000000e+00	0.0000000e+00	0.0000000e+00	0.0000000e+00	0.0000000e+00	1.0205163e+00	2.9837851e+00	0.0000000e+00	0.0000000e+00	0.0000000e+00	0.0000000e+00
4.2842114e+00	0.0000000e+00	0.0000000e+00	0.0000000e+00	0.0000000e+00	0.0000000e+00	0.0000000e+00	4.2196636e-01	0.0000000e+00	0.0000000e+00	5.2095101e-01	0.0000000e+00	0.0000000e+00	0.0000000e+00
0.0000000e+00	0.0000000e+00	1.7665385e+02	0.0000000e+00	0.0000000e+00	9.4810621e-02	0.0000000e+00	2.8269814e+00	0.0000000e+00	0.0000000e+00	4.7438491e+00	0.0000000e+00	0.0000000e+00	0.0000000e+00
0.0000000e+00	0.0000000e+00	0.0000000e+00	5.2788086e+01	0.0000000e+00	9.6613757e-02	0.0000000e+00	0.0000000e+00	6.7775467e-01	1.1569156e+00	0.0000000e+00	0.0000000e+00	0.0000000e+00	0.0000000e+00
0.0000000e+00	0.0000000e+00	6.9211556e-02	0.0000000e+00	0.0000000e+00	8.6098838e+00	0.0000000e+00	0.0000000e+00	0.0000000e+00	0.0000000e+00	0.0000000e+00	0.0000000e+00	6.1283659e-02	0.0000000e+00
0.0000000e+00	0.0000000e+00	0.0000000e+00	5.3088358e-03	0.0000000e+00	1.8519898e+00	0.0000000e+00	0.0000000e+00	0.0000000e+00	0.0000000e+00	0.0000000e+00	6.2495961e-01	0.0000000e+00	0.0000000e+00
0.0000000e+00	0.0000000e+00	0.0000000e+00	0.0000000e+00	0.0000000e+00	0.0000000e+00	0.0000000e+00	0.0000000e+00	0.0000000e+00	0.0000000e+00	0.0000000e+00	0.0000000e+00	0.0000000e+00	0.0000000e+00

0.0000000e+00	4.7517843e-01	0.0000000e+00	0.0000000e+00	0.0000000e+00	0.0000000e+00	0.0000000e+00	8.5260986e+00	3.5609582e+00	0.0000000e+00	0.0000000e+00	0.0000000e+00	0.0000000e+00	0.0000000e+00
4.7517843e-01	0.0000000e+00	0.0000000e+00	0.0000000e+00	0.0000000e+00	0.0000000e+00	0.0000000e+00	0.0000000e+00	0.0000000e+00	0.0000000e+00	0.0000000e+00	0.0000000e+00	0.0000000e+00	0.0000000e+00
0.0000000e+00	0.0000000e+00	0.0000000e+00	2.8723191e+01	0.0000000e+00	8.2003140e+00	0.0000000e+00	0.0000000e+00	0.0000000e+00	1.7480810e+02	0.0000000e+00	2.0242727e-01	0.0000000e+00	0.0000000e+00
0.0000000e+00	0.0000000e+00	2.7156774e+01	0.0000000e+00	3.6521076e+01	3.5829383e+01	0.0000000e+00	0.0000000e+00	0.0000000e+00	0.0000000e+00	4.8798122e+01	0.0000000e+00	1.5843866e-01	0.0000000e+00
0.0000000e+00	0.0000000e+00	0.0000000e+00	2.4544961e+01	0.0000000e+00	0.0000000e+00	4.9599119e+01	0.0000000e+00	0.0000000e+00	0.0000000e+00	0.0000000e+00	0.0000000e+00	0.0000000e+00	0.0000000e+00
0.0000000e+00	0.0000000e+00	1.3958509e+01	4.2372536e+01	0.0000000e+00	0.0000000e+00	6.6993508e-01	0.0000000e+00	0.0000000e+00	2.3661771e-02	0.0000000e+00	8.1609886e+00	2.4457838e+00	0.0000000e+00
0.0000000e+00	0.0000000e+00	0.0000000e+00	0.0000000e+00	3.7623003e+01	1.2646051e+01	0.0000000e+00	0.0000000e+00	0.0000000e+00	0.0000000e+00	0.0000000e+00	0.0000000e+00	0.0000000e+00	0.0000000e+00
7.9145722e+00	0.0000000e+00	0.0000000e+00	0.0000000e+00	0.0000000e+00	0.0000000e+00	0.0000000e+00	0.0000000e+00	8.7214988e-01	2.8494588e+00	0.0000000e+00	0.0000000e+00	0.0000000e+00	0.0000000e+00
4.1724847e+00	0.0000000e+00	0.0000000e+00	0.0000000e+00	0.0000000e+00	0.0000000e+00	0.0000000e+00	4.2193687e-01	0.0000000e+00	0.0000000e+00	5.0413051e-01	0.0000000e+00	0.0000000e+00	0.0000000e+00
0.0000000e+00	0.0000000e+00	1.7070574e+02	0.0000000e+00	0.0000000e+00	3.7887913e-02	0.0000000e+00	2.6881453e+00	0.0000000e+00	0.0000000e+00	5.4063979e+00	0.0000000e+00	0.0000000e+00	0.0000000e+00
0.0000000e+00	0.0000000e+00	0.0000000e+00	5.2818414e+01	0.0000000e+00	6.7849734e-02	0.0000000e+00	0.0000000e+00	6.6544393e-01	1.1569430e+00	0.0000000e+00	0.0000000e+00	0.0000000e+00	0.0000000e+00
0.0000000e+00	0.0000000e+00	1.1301789e-01	0.0000000e+00	0.0000000e+00	8.9802206e+00	0.0000000e+00	0.0000000e+00	0.0000000e+00	0.0000000e+00	0.0000000e+00	0.0000000e+00	6.1290331e-02	0.0000000e+00
0.0000000e+00	0.0000000e+00	0.0000000e+00	4.6916698e-03	0.0000000e+00	1.8697082e+00	0.0000000e+00	0.0000000e+00	0.0000000e+00	0.0000000e+00	0.0000000e+00	7.9111291e-01	0.0000000e+00	0.0000000e+00
0.0000000e+00	0.0000000e+00	0.0000000e+00	0.0000000e+00	0.0000000e+00	0.0000000e+00	0.0000000e+00	0.0000000e+00	0.0000000e+00	0.0000000e+00	0.0000000e+00	0.0000000e+00	0.0000000e+00	0.0000000e+00

0.0000000e+00	4.7841234e-01	0.0000000e+00	0.0000000e+00	0.0000000e+00	0.0000000e+00	0.0000000e+00	7.7155979e+00	3.6620779e+00	0.0000000e+00	0.0000000e+00	0.0000000e+00	0.0000000e+00	0.0000000e+00
4.7841234e-01	0.0000000e+00	0.0000000e+00	0.0000000e+00	0.0000000e+00	0.0000000e+00	0.0000000e+00	0.0000000e+00	0.0000000e+00	0.0000000e+00	0.0000000e+00	0.0000000e+00	0.0000000e+00	0.0000000e+00
0.0000000e+00	0.0000000e+00	0.0000000e+00	2.8159342e+01	0.0000000e+00	8.1924636e+00	0.0000000e+00	0.0000000e+00	0.0000000e+00	1.7446381e+02	0.0000000e+00	2.9660324e-01	0.0000000e+00	0.0000000e+00
0.0000000e+00	0.0000000e+00	2.7156626e+01	0.0000000e+00	3.6457948e+01	3.5578879e+01	0.0000000e+00	0.0000000e+00	0.0000000e+00	0.0000000e+00	5.0747801e+01	0.0000000e+00	2.0630197e-01	0.0000000e+00
0.0000000e+00	0.0000000e+00	0.0000000e+00	2.4562781e+01	0.0000000e+00	0.0000000e+00	5.0768976e+01	0.0000000e+00	0.0000000e+00	0.0000000e+00	0.0000000e+00	0.0000000e+00	0.0000000e+00	0.0000000e+00
0.0000000e+00	0.0000000e+00	1.3670742e+01	4.2318304e+01	0.0000000e+00	0.0000000e+00	6.6992520e-01	0.0000000e+00	0.0000000e+00	7.0744393e-02	2.0228733e-02	9.2085839e+00	2.9492300e+00	0.0000000e+00
0.0000000e+00	0.0000000e+00	0.0000000e+00	0.0000000e+00	3.8873810e+01	1.2565092e+01	0.0000000e+00	0.0000000e+00	0.0000000e+00	0.0000000e+00	0.0000000e+00	0.0000000e+00	0.0000000e+00	0.0000000e+00
7.4560899e+00	0.0000000e+00	0.0000000e+00	0.0000000e+00	0.0000000e+00	0.0000000e+00	0.0000000e+00	0.0000000e+00	6.4721336e-01	2.3853891e+00	0.0000000e+00	0.0000000e+00	0.0000000e+00	0.0000000e+00
3.9215859e+00	0.0000000e+00	0.0000000e+00	0.0000000e+00	0.0000000e+00	0.0000000e+00	0.0000000e+00	4.2198141e-01	0.0000000e+00	0.0000000e+00	5.3479007e-01	0.0000000e+00	0.0000000e+00	0.0000000e+00
0.0000000e+00	0.0000000e+00	1.7015362e+02	0.0000000e+00	0.0000000e+00	2.1144705e-03	0.0000000e+00	2.3511130e+00	0.0000000e+00	0.0000000e+00	5.5700090e+00	0.0000000e+00	0.0000000e+00	0.0000000e+00
0.0000000e+00	0.0000000e+00	0.0000000e+00	5.5103773e+01	0.0000000e+00	4.3076781e-02	0.0000000e+00	0.0000000e+00	5.6906610e-01	1.1569134e+00	0.0000000e+00	0.0000000e+00	0.0000000e+00	0.0000000e+00
0.0000000e+00	0.0000000e+00	1.3123149e-01	0.0000000e+00	0.0000000e+00	1.0304552e+01	0.0000000e+00	0.0000000e+00	0.0000000e+00	0.0000000e+00	0.0000000e+00	0.0000000e+00	6.1306667e-02	0.0000000e+00
0.0000000e+00	0.0000000e+00	0.0000000e+00	3.3558596e-03	0.0000000e+00	2.2215794e+00	0.0000000e+00	0.0000000e+00	0.0000000e+00	0.0000000e+00	0.0000000e+00	9.9190338e-01	0.0000000e+00	0.0000000e+00
0.0000000e+00	0.0000000e+00	0.0000000e+00	0.0000000e+00	0.0000000e+00	0.0000000e+00	0.0000000e+00	0.0000000e+00	0.0000000e+00	0.0000000e+00	0.0000000e+00	0.0000000e+00	0.0000000e+00	0.0000000e+00

0.0000000e+00	4.8282913e-01	0.0000000e+00	0.0000000e+00	0.0000000e+00	0.0000000e+00	0.0000000e+00	8.1604795e+00	3.5459496e+00	0.0000000e+00	0.0000000e+00	0.0000000e+00	0.0000000e+00	0.0000000e+00
4.8282913e-01	0.0000000e+00	0.0000000e+00	0.0000000e+00	0.0000000e+00	0.0000000e+00	0.0000000e+00	0.0000000e+00	0.0000000e+00	0.0000000e+00	0.0000000e+00	0.0000000e+00	0.0000000e+00	0.0000000e+00
0.0000000e+00	0.0000000e+00	0.0000000e+00	2.7466475e+01	0.0000000e+00	8.9389130e+00	0.0000000e+00	0.0000000e+00	0.0000000e+00	1.7032698e+02	0.0000000e+00	1.7547708e-01	0.0000000e+00	0.0000000e+00
0.0000000e+00	0.0000000e+00	2.7579276e+01	0.0000000e+00	3.7800919e+01	3.7469845e+01	0.0000000e+00	0.0000000e+00	0.0000000e+00	0.0000000e+00	4.5599970e+01	0.0000000e+00	9.9441412e-02	0.0000000e+00
0.0000000e+00	0.0000000e+00	0.0000000e+00	2.4534491e+01	0.0000000e+00	0.0000000e+00	5.0807177e+01	0.0000000e+00	0.0000000e+00	0.0000000e+00	0.0000000e+00	0.0000000e+00	0.0000000e+00	0.0000000e+00
0.0000000e+00	0.0000000e+00	1.4666089e+01	4.5318409e+01	0.0000000e+00	0.0000000e+00	6.6994070e-01	0.0000000e+00	0.0000000e+00	4.2909573e-03	0.0000000e+00	9.0505220e+00	2.6065107e+00	0.0000000e+00
0.0000000e+00	0.0000000e+00	0.0000000e+00	0.0000000e+00	3.7540748e+01	1.3936369e+01	0.0000000e+00	0.0000000e+00	0.0000000e+00	0.0000000e+00	0.0000000e+00	0.0000000e+00	0.0000000e+00	0.0000000e+00
7.9810538e+00	0.0000000e+00	0.0000000e+00	0.0000000e+00	0.0000000e+00	0.0000000e+00	0.0000000e+00	0.0000000e+00	7.9732374e-01	1.9405554e+00	0.0000000e+00	0.0000000e+00	0.0000000e+00	0.0000000e+00
3.7253753e+00	0.0000000e+00	0.0000000e+00	0.0000000e+00	0.0000000e+00	0.0000000e+00	0.0000000e+00	4.2245277e-01	0.0000000e+00	0.0000000e+00	5.9738935e-01	0.0000000e+00	0.0000000e+00	0.0000000e+00
0.0000000e+00	0.0000000e+00	1.6459174e+02	0.0000000e+00	0.0000000e+00	5.4944852e-02	0.0000000e+00	2.1360006e+00	0.0000000e+00	0.0000000e+00	6.6460563e+00	0.0000000e+00	0.0000000e+00	0.0000000e+00
0.0000000e+00	0.0000000e+00	0.0000000e+00	5.1221889e+01	0.0000000e+00	6.2665667e-02	0.0000000e+00	0.0000000e+00	4.0194408e-01	1.1569174e+00	0.0000000e+00	0.0000000e+00	0.0000000e+00	0.0000000e+00
0.0000000e+00	0.0000000e+00	7.0738311e-02	0.0000000e+00	0.0000000e+00	9.6362235e+00	0.0000000e+00	0.0000000e+00	0.0000000e+00	0.0000000e+00	0.0000000e+00	0.0000000e+00	6.1285008e-02	0.0000000e+00
0.0000000e+00	0.0000000e+00	0.0000000e+00	8.1882646e-03	0.0000000e+00	2.2168011e+00	0.0000000e+00	0.0000000e+00	0.0000000e+00	0.0000000e+00	0.0000000e+00	5.4224769e-01	0.0000000e+00	0.0000000e+00
0.0000000e+00	0.0000000e+00	0.0000000e+00	0.0000000e+00	0.0000000e+00	0.0000000e+00	0.0000000e+00	0.0000000e+00	0.0000000e+00	0.0000000e+00	0.0000000e+00	0.0000000e+00	0.0000000e+00	0.0000000e+00

0.0000000e+00	4.8302441e-01	0.0000000e+00	0.0000000e+00	0.0000000e+00	0.0000000e+00	0.0000000e+00	7.5303228e+00	3.5033169e+00	0.0000000e+00	0.0000000e+00	0.0000000e+00	0.0000000e+00	0.0000000e+00
4.8302441e-01	0.0000000e+00	0.0000000e+00	0.0000000e+00	0.0000000e+00	0.0000000e+00	0.0000000e+00	0.0000000e+00	0.0000000e+00	0.0000000e+00	0.0000000e+00	0.0000000e+00	0.0000000e+00	0.0000000e+00
0.0000000e+00	0.0000000e+00	0.0000000e+00	2.7466750e+01	0.0000000e+00	9.2728984e+00	0.0000000e+00	0.0000000e+00	0.0000000e+00	1.6948737e+02	0.0000000e+00	1.8938002e-01	0.0000000e+00	0.0000000e+00
0.0000000e+00	0.0000000e+00	2.8334364e+01	0.0000000e+00	3.6656265e+01	3.7711737e+01	0.0000000e+00	0.0000000e+00	0.0000000e+00	0.0000000e+00	4.5092405e+01	0.0000000e+00	1.0712999e-01	0.0000000e+00
0.0000000e+00	0.0000000e+00	0.0000000e+00	2.4523008e+01	0.0000000e+00	0.0000000e+00	5.1865564e+01	0.0000000e+00	0.0000000e+00	0.0000000e+00	0.0000000e+00	0.0000000e+00	0.0000000e+00	0.0000000e+00
0.0000000e+00	0.0000000e+00	1.4053515e+01	4.5436965e+01	0.0000000e+00	0.0000000e+00	6.6995333e-01	0.0000000e+00	0.0000000e+00	1.4798859e-05	0.0000000e+00	8.8557956e+00	2.4753939e+00	0.0000000e+00
0.0000000e+00	0.0000000e+00	0.0000000e+00	0.0000000e+00	3.9732308e+01	1.2803210e+01	0.0000000e+00	0.0000000e+00	0.0000000e+00	0.0000000e+00	0.0000000e+00	0.0000000e+00	0.0000000e+00	0.0000000e+00
7.2622527e+00	0.0000000e+00	0.0000000e+00	0.0000000e+00	0.0000000e+00	0.0000000e+00	0.0000000e+00	0.0000000e+00	8.2559016e-01	2.0950482e+00	0.0000000e+00	0.0000000e+00	0.0000000e+00	0.0000000e+00
3.7713869e+00	0.0000000e+00	0.0000000e+00	0.0000000e+00	0.0000000e+00	0.0000000e+00	0.0000000e+00	4.2259830e-01	0.0000000e+00	0.0000000e+00	5.8918696e-01	0.0000000e+00	0.0000000e+00	0.0000000e+00
0.0000000e+00	0.0000000e+00	1.6396005e+02	0.0000000e+00	0.0000000e+00	7.4795670e-02	0.0000000e+00	2.2299701e+00	0.0000000e+00	0.0000000e+00	6.4745299e+00	0.0000000e+00	0.0000000e+00	0.0000000e+00
0.0000000e+00	0.0000000e+00	0.0000000e+00	5.0467965e+01	0.0000000e+00	7.6981333e-02	0.0000000e+00	0.0000000e+00	4.5426513e-01	1.1569100e+00	0.0000000e+00	0.0000000e+00	0.0000000e+00	0.0000000e+00
0.0000000e+00	0.0000000e+00	6.8471442e-02	0.0000000e+00	0.0000000e+00	9.4008441e+00	0.0000000e+00	0.0000000e+00	0.0000000e+00	0.0000000e+00	0.0000000e+00	0.0000000e+00	6.1278076e-02	0.0000000e+00
0.0000000e+00	0.0000000e+00	0.0000000e+00	7.2129274e-03	0.0000000e+00	2.1511710e+00	0.0000000e+00	0.0000000e+00	0.0000000e+00	0.0000000e+00	0.0000000e+00	4.8541805e-01	0.0000000e+00	0.0000000e+00
0.0000000e+00	0.0000000e+00	0.0000000e+00	0.0000000e+00	0.0000000e+00	0.0000000e+00	0.0000000e+00	0.0000000e+00	0.0000000e+00	0.0000000e+00	0.0000000e+00	0.0000000e+00	0.0000000e+00	0.0000000e+00

0.0000000e+00	4.8373389e-01	0.0000000e+00	0.0000000e+00	0.0000000e+00	0.0000000e+00	0.0000000e+00	8.1869613e+00	3.6598225e+00	0.0000000e+00	0.0000000e+00	0.0000000e+00	0.0000000e+00	0.0000000e+00
4.8373389e-01	0.0000000e+00	0.0000000e+00	0.0000000e+00	0.0000000e+00	0.0000000e+00	0.0000000e+00	0.0000000e+00	0.0000000e+00	0.0000000e+00	0.0000000e+00	0.0000000e+00	0.0000000e+00	0.0000000e+00
0.0000000e+00	0.0000000e+00	0.0000000e+00	2.7460115e+01	0.0000000e+00	1.0061909e+01	0.0000000e+00	0.0000000e+00	0.0000000e+00	1.7049201e+02	0.0000000e+00	1.7716545e-01	0.0000000e+00	0.0000000e+00
0.0000000e+00	0.0000000e+00	3.0327676e+01	0.0000000e+00	3.4925828e+01	4.0382136e+01	0.0000000e+00	0.0000000e+00	0.0000000e+00	0.0000000e+00	4.5682117e+01	0.0000000e+00	9.6124027e-02	0.0000000e+00
0.0000000e+00	0.0000000e+00	0.0000000e+00	2.4485026e+01	0.0000000e+00	0.0000000e+00	4.6449234e+01	0.0000000e+00	0.0000000e+00	0.0000000e+00	0.0000000e+00	0.0000000e+00	0.0000000e+00	0.0000000e+00
0.0000000e+00	0.0000000e+00	1.3218213e+01	4.8036403e+01	0.0000000e+00	0.0000000e+00	6.6997558e-01	0.0000000e+00	0.0000000e+00	0.0000000e+00	0.0000000e+00	9.2388997e+00	2.6285130e+00	0.0000000e+00
0.0000000e+00	0.0000000e+00	0.0000000e+00	0.0000000e+00	3.6008432e+01	1.1110778e+01	0.0000000e+00	0.0000000e+00	0.0000000e+00	0.0000000e+00	0.0000000e+00	0.0000000e+00	0.0000000e+00	0.0000000e+00
7.9761154e+00	0.0000000e+00	0.0000000e+00	0.0000000e+00	0.0000000e+00	0.0000000e+00	0.0000000e+00	0.0000000e+00	8.0653232e-01	2.0310795e+00	0.0000000e+00	0.0000000e+00	0.0000000e+00	0.0000000e+00
3.8706684e+00	0.0000000e+00	0.0000000e+00	0.0000000e+00	0.0000000e+00	0.0000000e+00	0.0000000e+00	4.2241962e-01	0.0000000e+00	0.0000000e+00	6.1110898e-01	0.0000000e+00	0.0000000e+00	0.0000000e+00
0.0000000e+00	0.0000000e+00	1.6458266e+02	0.0000000e+00	0.0000000e+00	8.7341427e-02	0.0000000e+00	2.2043463e+00	0.0000000e+00	0.0000000e+00	6.8056544e+00	0.0000000e+00	0.0000000e+00	0.0000000e+00
0.0000000e+00	0.0000000e+00	0.0000000e+00	5.1425800e+01	0.0000000e+00	7.8325692e-02	0.0000000e+00	0.0000000e+00	4.3784217e-01	1.1569124e+00	0.0000000e+00	0.0000000e+00	0.0000000e+00	0.0000000e+00
0.0000000e+00	0.0000000e+00	6.2650591e-02	0.0000000e+00	0.0000000e+00	9.8439607e+00	0.0000000e+00	0.0000000e+00	0.0000000e+00	0.0000000e+00	0.0000000e+00	0.0000000e+00	6.1282707e-02	0.0000000e+00
0.0000000e+00	0.0000000e+00	0.0000000e+00	6.5362555e-03	0.0000000e+00	2.2275547e+00	0.0000000e+00	0.0000000e+00	0.0000000e+00	0.0000000e+00	0.0000000e+00	5.5182884e-01	0.0000000e+00	0.0000000e+00
0.0000000e+00	0.0000000e+00	0.0000000e+00	0.0000000e+00	0.0000000e+00	0.0000000e+00	0.0000000e+00	0.0000000e+00	0.0000000e+00	0.0000000e+00	0.0000000e+00	0.0000000e+00	0.0000000e+00	0.0000000e+00

0.0000000e+00	4.8487036e-01	0.0000000e+00	0.0000000e+00	0.0000000e+00	0.0000000e+00	0.0000000e+00	8.8396865e+00	3.5325676e+00	0.0000000e+00	0.0000000e+00	0.0000000e+00	0.0000000e+00	0.0000000e+00
4.8487036e-01	0.0000000e+00	0.0000000e+00	0.0000000e+00	0.0000000e+00	0.0000000e+00	0.0000000e+00	0.0000000e+00	0.0000000e+00	0.0000000e+00	0.0000000e+00	0.0000000e+00	0.0000000e+00	0.0000000e+00
0.0000000e+00	0.0000000e+00	0.0000000e+00	2.7469517e+01	0.0000000e+00	8.8905842e+00	0.0000000e+00	0.0000000e+00	0.0000000e+00	1.7027426e+02	0.0000000e+00	1.6809295e-01	0.0000000e+00	0.0000000e+00
0.0000000e+00	0.0000000e+00	2.8937813e+01	0.0000000e+00	3.6139062e+01	3.7228857e+01	0.0000000e+00	0.0000000e+00	0.0000000e+00	0.0000000e+00	4.5597386e+01	0.0000000e+00	1.0484820e-01	0.0000000e+00
0.0000000e+00	0.0000000e+00	0.0000000e+00	2.4513896e+01	0.0000000e+00	0.0000000e+00	4.4635795e+01	0.0000000e+00	0.0000000e+00	0.0000000e+00	0.0000000e+00	0.0000000e+00	0.0000000e+00	0.0000000e+00
0.0000000e+00	0.0000000e+00	1.3336159e+01	4.4697811e+01	0.0000000e+00	0.0000000e+00	6.6995080e-01	0.0000000e+00	0.0000000e+00	7.4684695e-03	0.0000000e+00	9.3094732e+00	2.8173796e+00	0.0000000e+00
0.0000000e+00	0.0000000e+00	0.0000000e+00	0.0000000e+00	3.3010628e+01	1.2295117e+01	0.0000000e+00	0.0000000e+00	0.0000000e+00	0.0000000e+00	0.0000000e+00	0.0000000e+00	0.0000000e+00	0.0000000e+00
8.6240963e+00	0.0000000e+00	0.0000000e+00	0.0000000e+00	0.0000000e+00	0.0000000e+00	0.0000000e+00	0.0000000e+00	1.0836495e+00	1.6544639e+00	0.0000000e+00	0.0000000e+00	0.0000000e+00	0.0000000e+00
3.7481578e+00	0.0000000e+00	0.0000000e+00	0.0000000e+00	0.0000000e+00	0.0000000e+00	0.0000000e+00	4.2240011e-01	0.0000000e+00	0.0000000e+00	6.7894935e-01	0.0000000e+00	0.0000000e+00	0.0000000e+00
0.0000000e+00	0.0000000e+00	1.6445531e+02	0.0000000e+00	0.0000000e+00	4.8614689e-02	0.0000000e+00	2.1001231e+00	0.0000000e+00	0.0000000e+00	6.4890395e+00	0.0000000e+00	0.0000000e+00	0.0000000e+00
0.0000000e+00	0.0000000e+00	0.0000000e+00	5.1321370e+01	0.0000000e+00	5.3822215e-02	0.0000000e+00	0.0000000e+00	2.3329014e-01	1.1568928e+00	0.0000000e+00	0.0000000e+00	0.0000000e+00	0.0000000e+00
0.0000000e+00	0.0000000e+00	7.3174146e-02	0.0000000e+00	0.0000000e+00	1.0068358e+01	0.0000000e+00	0.0000000e+00	0.0000000e+00	0.0000000e+00	0.0000000e+00	0.0000000e+00	6.1289640e-02	0.0000000e+00
0.0000000e+00	0.0000000e+00	0.0000000e+00	5.3719504e-03	0.0000000e+00	2.2528899e+00	0.0000000e+00	0.0000000e+00	0.0000000e+00	0.0000000e+00	0.0000000e+00	7.2525553e-01	0.0000000e+00	0.0000000e+00
0.0000000e+00	0.0000000e+00	0.0000000e+00	0.0000000e+00	0.0000000e+00	0.0000000e+00	0.0000000e+00	0.0000000e+00	0.0000000e+00	0.0000000e+00	0.0000000e+00	0.0000000e+00	0.0000000e+00	0.0000000e+00

0.0000000e+00	4.8422542e-01	0.0000000e+00	0.0000000e+00	0.0000000e+00	0.0000000e+00	0.0000000e+00	8.4270681e+00	3.6099711e+00	0.0000000e+00	0.0000000e+00	0.0000000e+00	0.0000000e+00	0.0000000e+00
4.8422542e-01	0.0000000e+00	0.0000000e+00	0.0000000e+00	0.0000000e+00	0.0000000e+00	0.0000000e+00	0.0000000e+00	0.0000000e+00	0.0000000e+00	0.0000000e+00	0.0000000e+00	0.0000000e+00	0.0000000e+00
0.0000000e+00	0.0000000e+00	0.0000000e+00	2.7466652e+01	0.0000000e+00	9.0544374e+00	0.0000000e+00	0.0000000e+00	0.0000000e+00	1.7000821e+02	0.0000000e+00	1.9882882e-01	0.0000000e+00	0.0000000e+00
0.0000000e+00	0.0000000e+00	2.7690992e+01	0.0000000e+00	3.7770055e+01	3.7856882e+01	0.0000000e+00	0.0000000e+00	0.0000000e+00	0.0000000e+00	4.5978585e+01	0.0000000e+00	1.0924402e-01	0.0000000e+00
0.0000000e+00	0.0000000e+00	0.0000000e+00	2.4536639e+01	0.0000000e+00	0.0000000e+00	4.7270716e+01	0.0000000e+00	0.0000000e+00	0.0000000e+00	0.0000000e+00	0.0000000e+00	0.0000000e+00	0.0000000e+00
0.0000000e+00	0.0000000e+00	1.3932318e+01	4.6565620e+01	0.0000000e+00	0.0000000e+00	6.6993385e-01	0.0000000e+00	0.0000000e+00	1.3828143e-03	0.0000000e+00	9.0994877e+00	2.6033463e+00	0.0000000e+00
0.0000000e+00	0.0000000e+00	0.0000000e+00	0.0000000e+00	3.4037300e+01	1.3903350e+01	0.0000000e+00	0.0000000e+00	0.0000000e+00	0.0000000e+00	0.0000000e+00	0.0000000e+00	0.0000000e+00	0.0000000e+00
8.2234269e+00	0.0000000e+00	0.0000000e+00	0.0000000e+00	0.0000000e+00	0.0000000e+00	0.0000000e+00	0.0000000e+00	8.9790881e-01	1.8666156e+00	0.0000000e+00	0.0000000e+00	0.0000000e+00	0.0000000e+00
3.8136122e+00	0.0000000e+00	0.0000000e+00	0.0000000e+00	0.0000000e+00	0.0000000e+00	0.0000000e+00	4.2229012e-01	0.0000000e+00	0.0000000e+00	6.3579365e-01	0.0000000e+00	0.0000000e+00	0.0000000e+00
0.0000000e+00	0.0000000e+00	1.6503714e+02	0.0000000e+00	0.0000000e+00	5.7770696e-02	0.0000000e+00	2.1385931e+00	0.0000000e+00	0.0000000e+00	5.7996196e+00	0.0000000e+00	0.0000000e+00	0.0000000e+00
0.0000000e+00	0.0000000e+00	0.0000000e+00	5.0828149e+01	0.0000000e+00	6.5118783e-02	0.0000000e+00	0.0000000e+00	3.6381613e-01	1.1569140e+00	0.0000000e+00	0.0000000e+00	0.0000000e+00	0.0000000e+00
0.0000000e+00	0.0000000e+00	6.7679843e-02	0.0000000e+00	0.0000000e+00	9.7401340e+00	0.0000000e+00	0.0000000e+00	0.0000000e+00	0.0000000e+00	0.0000000e+00	0.0000000e+00	6.1284279e-02	0.0000000e+00
0.0000000e+00	0.0000000e+00	0.0000000e+00	8.6974284e-03	0.0000000e+00	2.1943956e+00	0.0000000e+00	0.0000000e+00	0.0000000e+00	0.0000000e+00	0.0000000e+00	5.7078157e-01	0.0000000e+00	0.0000000e+00
0.0000000e+00	0.0000000e+00	0.0000000e+00	0.0000000e+00	0.0000000e+00	0.0000000e+00	0.0000000e+00	0.0000000e+00	0.0000000e+00	0.0000000e+00	0.0000000e+00	0.0000000e+00	0.0000000e+00	0.0000000e+00

0.0000000e+00	4.8460239e-01	0.0000000e+00	0.0000000e+00	0.0000000e+00	0.0000000e+00	0.0000000e+00	7.1892396e+00	3.3007604e+00	0.0000000e+00	0.0000000e+00	0.0000000e+00	0.0000000e+00	0.0000000e+00
4.8460239e-01	0.0000000e+00	0.0000000e+00	0.0000000e+00	0.0000000e+00	0.0000000e+00	0.0000000e+00	0.0000000e+00	0.0000000e+00	0.0000000e+00	0.0000000e+00	0.0000000e+00	0.0000000e+00	0.0000000e+00
0.0000000e+00	0.0000000e+00	0.0000000e+00	2.7468877e+01	0.0000000e+00	9.9469161e+00	0.0000000e+00	0.0000000e+00	0.0000000e+00	1.6650822e+02	0.0000000e+00	1.7900080e-01	0.0000000e+00	0.0000000e+00
0.0000000e+00	0.0000000e+00	3.0003190e+01	0.0000000e+00	3.4550935e+01	3.5517462e+01	0.0000000e+00	0.0000000e+00	0.0000000e+00	0.0000000e+00	4.5305586e+01	0.0000000e+00	7.3549992e-02	0.0000000e+00
0.0000000e+00	0.0000000e+00	0.0000000e+00	2.4488851e+01	0.0000000e+00	0.0000000e+00	4.5888773e+01	0.0000000e+00	0.0000000e+00	0.0000000e+00	0.0000000e+00	0.0000000e+00	0.0000000e+00	0.0000000e+00
0.0000000e+00	0.0000000e+00	1.1810285e+01	4.4181306e+01	0.0000000e+00	0.0000000e+00	6.6997704e-01	0.0000000e+00	0.0000000e+00	0.0000000e+00	0.0000000e+00	8.5444471e+00	2.1969849e+00	0.0000000e+00
0.0000000e+00	0.0000000e+00	0.0000000e+00	0.0000000e+00	3.5826690e+01	1.0732060e+01	0.0000000e+00	0.0000000e+00	0.0000000e+00	0.0000000e+00	0.0000000e+00	0.0000000e+00	0.0000000e+00	0.0000000e+00
6.7780396e+00	0.0000000e+00	0.0000000e+00	0.0000000e+00	0.0000000e+00	0.0000000e+00	0.0000000e+00	0.0000000e+00	8.9221571e-01	2.1549023e+00	0.0000000e+00	0.0000000e+00	0.0000000e+00	0.0000000e+00
3.7119603e+00	0.0000000e+00	0.0000000e+00	0.0000000e+00	0.0000000e+00	0.0000000e+00	0.0000000e+00	4.2290232e-01	0.0000000e+00	0.0000000e+00	5.3891868e-01	0.0000000e+00	0.0000000e+00	0.0000000e+00
0.0000000e+00	0.0000000e+00	1.6224632e+02	0.0000000e+00	0.0000000e+00	1.5691033e-01	0.0000000e+00	2.2130157e+00	0.0000000e+00	0.0000000e+00	5.2037739e+00	0.0000000e+00	0.0000000e+00	0.0000000e+00
0.0000000e+00	0.0000000e+00	0.0000000e+00	4.9304296e+01	0.0000000e+00	1.0628340e-01	0.0000000e+00	0.0000000e+00	4.8080524e-01	1.1568938e+00	0.0000000e+00	0.0000000e+00	0.0000000e+00	0.0000000e+00
0.0000000e+00	0.0000000e+00	4.3222262e-02	0.0000000e+00	0.0000000e+00	8.7889096e+00	0.0000000e+00	0.0000000e+00	0.0000000e+00	0.0000000e+00	0.0000000e+00	0.0000000e+00	6.1262418e-02	0.0000000e+00
0.0000000e+00	0.0000000e+00	0.0000000e+00	7.3927491e-03	0.0000000e+00	2.1544581e+00	0.0000000e+00	0.0000000e+00	0.0000000e+00	0.0000000e+00	0.0000000e+00	1.6994638e-01	0.0000000e+00	0.0000000e+00
0.0000000e+00	0.0000000e+00	0.0000000e+00	0.0000000e+00	0.0000000e+00	0.0000000e+00	0.0000000e+00	0.0000000e+00	0.0000000e+00	0.0000000e+00	0.0000000e+00	0.0000000e+00	0.0000000e+00	0.0000000e+00

0.0000000e+00	4.8240986e-01	0.0000000e+00	0.0000000e+00	0.0000000e+00	0.0000000e+00	0.0000000e+00	9.1222833e+00	3.8251781e+00	0.0000000e+00	0.0000000e+00	0.0000000e+00	0.0000000e+00	0.0000000e+00
4.8240986e-01	0.0000000e+00	0.0000000e+00	0.0000000e+00	0.0000000e+00	0.0000000e+00	0.0000000e+00	0.0000000e+00	0.0000000e+00	0.0000000e+00	0.0000000e+00	0.0000000e+00	0.0000000e+00	0.0000000e+00
0.0000000e+00	0.0000000e+00	0.0000000e+00	2.7466903e+01	0.0000000e+00	8.8330711e+00	0.0000000e+00	0.0000000e+00	0.0000000e+00	1.6586552e+02	0.0000000e+00	1.8091169e-01	0.0000000e+00	0.0000000e+00
0.0000000e+00	0.0000000e+00	2.9445781e+01	0.0000000e+00	3.6592956e+01	3.4740630e+01	0.0000000e+00	0.0000000e+00	0.0000000e+00	0.0000000e+00	4.4526591e+01	0.0000000e+00	9.3978762e-02	0.0000000e+00
0.0000000e+00	0.0000000e+00	0.0000000e+00	2.4499424e+01	0.0000000e+00	0.0000000e+00	4.2987248e+01	0.0000000e+00	0.0000000e+00	0.0000000e+00	0.0000000e+00	0.0000000e+00	0.0000000e+00	0.0000000e+00
0.0000000e+00	0.0000000e+00	1.2584182e+01	4.3481827e+01	0.0000000e+00	0.0000000e+00	6.6995643e-01	0.0000000e+00	0.0000000e+00	0.0000000e+00	0.0000000e+00	8.2748234e+00	2.2239975e+00	0.0000000e+00
0.0000000e+00	0.0000000e+00	0.0000000e+00	0.0000000e+00	3.0893716e+01	1.2763488e+01	0.0000000e+00	0.0000000e+00	0.0000000e+00	0.0000000e+00	0.0000000e+00	0.0000000e+00	0.0000000e+00	0.0000000e+00
8.8772607e+00	0.0000000e+00	0.0000000e+00	0.0000000e+00	0.0000000e+00	0.0000000e+00	0.0000000e+00	0.0000000e+00	7.8880903e-01	1.9271480e+00	0.0000000e+00	0.0000000e+00	0.0000000e+00	0.0000000e+00
4.0702007e+00	0.0000000e+00	0.0000000e+00	0.0000000e+00	0.0000000e+00	0.0000000e+00	0.0000000e+00	4.2216547e-01	0.0000000e+00	0.0000000e+00	5.9039724e-01	0.0000000e+00	0.0000000e+00	0.0000000e+00
0.0000000e+00	0.0000000e+00	1.6024835e+02	0.0000000e+00	0.0000000e+00	1.0063780e-01	0.0000000e+00	2.0487689e+00	0.0000000e+00	0.0000000e+00	6.5518455e+00	0.0000000e+00	0.0000000e+00	0.0000000e+00
0.0000000e+00	0.0000000e+00	0.0000000e+00	4.9942844e+01	0.0000000e+00	1.0028303e-01	0.0000000e+00	0.0000000e+00	4.6877631e-01	1.1569304e+00	0.0000000e+00	0.0000000e+00	0.0000000e+00	0.0000000e+00
0.0000000e+00	0.0000000e+00	6.8096864e-02	0.0000000e+00	0.0000000e+00	8.7062533e+00	0.0000000e+00	0.0000000e+00	0.0000000e+00	0.0000000e+00	0.0000000e+00	0.0000000e+00	6.1260503e-02	0.0000000e+00
0.0000000e+00	0.0000000e+00	0.0000000e+00	8.9383397e-03	0.0000000e+00	1.9904228e+00	0.0000000e+00	0.0000000e+00	0.0000000e+00	0.0000000e+00	0.0000000e+00	3.7987555e-01	0.0000000e+00	0.0000000e+00
0.0000000e+00	0.0000000e+00	0.0000000e+00	0.0000000e+00	0.0000000e+00	0.0000000e+00	0.0000000e+00	0.0000000e+00	0.0000000e+00	0.0000000e+00	0.0000000e+00	0.0000000e+00	0.0000000e+00	0.0000000e+00

0.0000000e+00	4.8538252e-01	0.0000000e+00	0.0000000e+00	0.0000000e+00	0.0000000e+00	0.0000000e+00	9.3894581e+00	3.8762955e+00	0.0000000e+00	0.0000000e+00	0.0000000e+00	0.0000000e+00	0.0000000e+00
4.8538252e-01	0.0000000e+00	0.0000000e+00	0.0000000e+00	0.0000000e+00	0.0000000e+00	0.0000000e+00	0.0000000e+00	0.0000000e+00	0.0000000e+00	0.0000000e+00	0.0000000e+00	0.0000000e+00	0.0000000e+00
0.0000000e+00	0.0000000e+00	0.0000000e+00	2.7469261e+01	0.0000000e+00	8.4521063e+00	0.0000000e+00	0.0000000e+00	0.0000000e+00	1.6664881e+02	0.0000000e+00	1.8074140e-01	0.0000000e+00	0.0000000e+00
0.0000000e+00	0.0000000e+00	2.8442391e+01	0.0000000e+00	3.7616270e+01	3.5034176e+01	0.0000000e+00	0.0000000e+00	0.0000000e+00	0.0000000e+00	4.4858800e+01	0.0000000e+00	1.0692872e-01	0.0000000e+00
0.0000000e+00	0.0000000e+00	0.0000000e+00	2.4545037e+01	0.0000000e+00	0.0000000e+00	4.5528076e+01	0.0000000e+00	0.0000000e+00	0.0000000e+00	0.0000000e+00	0.0000000e+00	0.0000000e+00	0.0000000e+00
0.0000000e+00	0.0000000e+00	1.3510389e+01	4.3329052e+01	0.0000000e+00	0.0000000e+00	6.6992961e-01	0.0000000e+00	0.0000000e+00	1.1345685e-02	0.0000000e+00	9.5430694e+00	2.8622866e+00	0.0000000e+00
0.0000000e+00	0.0000000e+00	0.0000000e+00	0.0000000e+00	3.2456843e+01	1.3741162e+01	0.0000000e+00	0.0000000e+00	0.0000000e+00	0.0000000e+00	0.0000000e+00	0.0000000e+00	0.0000000e+00	0.0000000e+00
9.1013110e+00	0.0000000e+00	0.0000000e+00	0.0000000e+00	0.0000000e+00	0.0000000e+00	0.0000000e+00	0.0000000e+00	1.5432176e+00	1.3124417e+00	0.0000000e+00	0.0000000e+00	0.0000000e+00	0.0000000e+00
4.1644426e+00	0.0000000e+00	0.0000000e+00	0.0000000e+00	0.0000000e+00	0.0000000e+00	0.0000000e+00	4.2188920e-01	0.0000000e+00	0.0000000e+00	8.7696004e-01	0.0000000e+00	0.0000000e+00	0.0000000e+00
0.0000000e+00	0.0000000e+00	1.6072157e+02	0.0000000e+00	0.0000000e+00	3.7742334e-02	0.0000000e+00	2.1456230e+00	0.0000000e+00	0.0000000e+00	6.2245559e+00	0.0000000e+00	0.0000000e+00	0.0000000e+00
0.0000000e+00	0.0000000e+00	0.0000000e+00	5.0708306e+01	0.0000000e+00	5.1335647e-02	0.0000000e+00	0.0000000e+00	4.3778763e-02	1.1568954e+00	0.0000000e+00	0.0000000e+00	0.0000000e+00	0.0000000e+00
0.0000000e+00	0.0000000e+00	7.6567104e-02	0.0000000e+00	0.0000000e+00	1.0299271e+01	0.0000000e+00	0.0000000e+00	0.0000000e+00	0.0000000e+00	0.0000000e+00	0.0000000e+00	6.1288446e-02	0.0000000e+00
0.0000000e+00	0.0000000e+00	0.0000000e+00	6.9086812e-03	0.0000000e+00	2.3102797e+00	0.0000000e+00	0.0000000e+00	0.0000000e+00	0.0000000e+00	0.0000000e+00	7.1331537e-01	0.0000000e+00	0.0000000e+00
0.0000000e+00	0.0000000e+00	0.0000000e+00	0.0000000e+00	0.0000000e+00	0.0000000e+00	0.0000000e+00	0.0000000e+00	0.0000000e+00	0.0000000e+00	0.0000000e+00	0.0000000e+00	0.0000000e+00	0.0000000e+00

0.0000000e+00	4.8608347e-01	0.0000000e+00	0.0000000e+00	0.0000000e+00	0.0000000e+00	0.0000000e+00	7.6851623e+00	3.4014924e+00	0.0000000e+00	0.0000000e+00	0.0000000e+00	0.0000000e+00	0.0000000e+00
4.8608347e-01	0.0000000e+00	0.0000000e+00	0.0000000e+00	0.0000000e+00	0.0000000e+00	0.0000000e+00	0.0000000e+00	0.0000000e+00	0.0000000e+00	0.0000000e+00	0.0000000e+00	0.0000000e+00	0.0000000e+00
0.0000000e+00	0.0000000e+00	0.0000000e+00	2.9996576e+01	0.0000000e+00	1.0667784e+01	0.0000000e+00	0.0000000e+00	0.0000000e+00	1.7700348e+02	0.0000000e+00	2.0995882e-01	0.0000000e+00	0.0000000e+00
0.0000000e+00	0.0000000e+00	2.7137910e+01	0.0000000e+00	4.1227730e+01	4.1439289e+01	0.0000000e+00	0.0000000e+00	0.0000000e+00	0.0000000e+00	4.8497836e+01	0.0000000e+00	1.3284569e-01	0.0000000e+00
0.0000000e+00	0.0000000e+00	0.0000000e+00	2.4586029e+01	0.0000000e+00	0.0000000e+00	5.4179115e+01	0.0000000e+00	0.0000000e+00	0.0000000e+00	0.0000000e+00	0.0000000e+00	0.0000000e+00	0.0000000e+00
0.0000000e+00	0.0000000e+00	1.8426578e+01	5.0700388e+01	0.0000000e+00	0.0000000e+00	6.6989764e-01	0.0000000e+00	0.0000000e+00	3.7033802e-03	0.0000000e+00	1.0275157e+01	3.0650462e+00	0.0000000e+00
0.0000000e+00	0.0000000e+00	0.0000000e+00	0.0000000e+00	3.7537414e+01	1.7311599e+01	0.0000000e+00	0.0000000e+00	0.0000000e+00	0.0000000e+00	0.0000000e+00	0.0000000e+00	0.0000000e+00	0.0000000e+00
7.4256103e+00	0.0000000e+00	0.0000000e+00	0.0000000e+00	0.0000000e+00	0.0000000e+00	0.0000000e+00	0.0000000e+00	8.2040119e-01	2.1869309e+00	0.0000000e+00	0.0000000e+00	0.0000000e+00	0.0000000e+00
3.6610445e+00	0.0000000e+00	0.0000000e+00	0.0000000e+00	0.0000000e+00	0.0000000e+00	0.0000000e+00	4.2285725e-01	0.0000000e+00	0.0000000e+00	6.0253284e-01	0.0000000e+00	0.0000000e+00	0.0000000e+00
0.0000000e+00	0.0000000e+00	1.7223867e+02	0.0000000e+00	0.0000000e+00	5.4301517e-02	0.0000000e+00	2.3249228e+00	0.0000000e+00	0.0000000e+00	5.7331225e+00	0.0000000e+00	0.0000000e+00	0.0000000e+00
0.0000000e+00	0.0000000e+00	0.0000000e+00	5.3145745e+01	0.0000000e+00	6.6303421e-02	0.0000000e+00	0.0000000e+00	4.6454096e-01	1.1569019e+00	0.0000000e+00	0.0000000e+00	0.0000000e+00	0.0000000e+00
0.0000000e+00	0.0000000e+00	7.4641677e-02	0.0000000e+00	0.0000000e+00	1.1077043e+01	0.0000000e+00	0.0000000e+00	0.0000000e+00	0.0000000e+00	0.0000000e+00	0.0000000e+00	6.1296711e-02	0.0000000e+00
0.0000000e+00	0.0000000e+00	0.0000000e+00	6.8725486e-03	0.0000000e+00	2.5244512e+00	0.0000000e+00	0.0000000e+00	0.0000000e+00	0.0000000e+00	0.0000000e+00	7.2786486e-01	0.0000000e+00	0.0000000e+00
0.0000000e+00	0.0000000e+00	0.0000000e+00	0.0000000e+00	0.0000000e+00	0.0000000e+00	0.0000000e+00	0.0000000e+00	0.0000000e+00	0.0000000e+00	0.0000000e+00	0.0000000e+00	0.0000000e+00	0.0000000e+00

0.0000000e+00	4.8544671e-01	0.0000000e+00	0.0000000e+00	0.0000000e+00	0.0000000e+00	0.0000000e+00	7.6600811e+00	3.4744904e+00	0.0000000e+00	0.0000000e+00	0.0000000e+00	0.0000000e+00	0.0000000e+00
4.8544671e-01	0.0000000e+00	0.0000000e+00	0.0000000e+00	0.0000000e+00	0.0000000e+00	0.0000000e+00	0.0000000e+00	0.0000000e+00	0.0000000e+00	0.0000000e+00	0.0000000e+00	0.0000000e+00	0.0000000e+00
0.0000000e+00	0.0000000e+00	0.0000000e+00	2.7826922e+01	0.0000000e+00	1.0115970e+01	0.0000000e+00	0.0000000e+00	0.0000000e+00	1.7678942e+02	0.0000000e+00	1.9371361e-01	0.0000000e+00	0.0000000e+00
0.0000000e+00	0.0000000e+00	2.7119355e+01	0.0000000e+00	3.7030611e+01	4.1475546e+01	0.0000000e+00	0.0000000e+00	0.0000000e+00	0.0000000e+00	4.7694495e+01	0.0000000e+00	1.1236904e-01	0.0000000e+00
0.0000000e+00	0.0000000e+00	0.0000000e+00	2.4512274e+01	0.0000000e+00	0.0000000e+00	5.3013197e+01	0.0000000e+00	0.0000000e+00	0.0000000e+00	0.0000000e+00	0.0000000e+00	0.0000000e+00	0.0000000e+00
0.0000000e+00	0.0000000e+00	1.6251946e+01	4.8267964e+01	0.0000000e+00	0.0000000e+00	6.6995962e-01	0.0000000e+00	0.0000000e+00	0.0000000e+00	0.0000000e+00	9.7547067e+00	2.8413149e+00	0.0000000e+00
0.0000000e+00	0.0000000e+00	0.0000000e+00	0.0000000e+00	4.0494860e+01	1.3188297e+01	0.0000000e+00	0.0000000e+00	0.0000000e+00	0.0000000e+00	0.0000000e+00	0.0000000e+00	0.0000000e+00	0.0000000e+00
7.3558115e+00	0.0000000e+00	0.0000000e+00	0.0000000e+00	0.0000000e+00	0.0000000e+00	0.0000000e+00	0.0000000e+00	7.8240806e-01	2.3570908e+00	0.0000000e+00	0.0000000e+00	0.0000000e+00	0.0000000e+00
3.7787601e+00	0.0000000e+00	0.0000000e+00	0.0000000e+00	0.0000000e+00	0.0000000e+00	0.0000000e+00	4.2279616e-01	0.0000000e+00	0.0000000e+00	5.8070194e-01	0.0000000e+00	0.0000000e+00	0.0000000e+00
0.0000000e+00	0.0000000e+00	1.7149176e+02	0.0000000e+00	0.0000000e+00	8.9308606e-02	0.0000000e+00	2.4124331e+00	0.0000000e+00	0.0000000e+00	6.3098758e+00	0.0000000e+00	0.0000000e+00	0.0000000e+00
0.0000000e+00	0.0000000e+00	0.0000000e+00	5.2818537e+01	0.0000000e+00	8.4302290e-02	0.0000000e+00	0.0000000e+00	5.2535967e-01	1.1568739e+00	0.0000000e+00	0.0000000e+00	0.0000000e+00	0.0000000e+00
0.0000000e+00	0.0000000e+00	6.2956558e-02	0.0000000e+00	0.0000000e+00	1.0460589e+01	0.0000000e+00	0.0000000e+00	0.0000000e+00	0.0000000e+00	0.0000000e+00	0.0000000e+00	6.1289791e-02	0.0000000e+00
0.0000000e+00	0.0000000e+00	0.0000000e+00	6.6801050e-03	0.0000000e+00	2.3718786e+00	0.0000000e+00	0.0000000e+00	0.0000000e+00	0.0000000e+00	0.0000000e+00	6.3641503e-01	0.0000000e+00	0.0000000e+00
0.0000000e+00	0.0000000e+00	0.0000000e+00	0.0000000e+00	0.0000000e+00	0.0000000e+00	0.0000000e+00	0.0000000e+00	0.0000000e+00	0.0000000e+00	0.0000000e+00	0.0000000e+00	0.0000000e+00	0.0000000e+00

0.0000000e+00	4.8573468e-01	0.0000000e+00	0.0000000e+00	0.0000000e+00	0.0000000e+00	0.0000000e+00	7.9741052e+00	3.4781720e+00	0.0000000e+00	0.0000000e+00	0.0000000e+00	0.0000000e+00	0.0000000e+00
4.8573468e-01	0.0000000e+00	0.0000000e+00	0.0000000e+00	0.0000000e+00	0.0000000e+00	0.0000000e+00	0.0000000e+00	0.0000000e+00	0.0000000e+00	0.0000000e+00	0.0000000e+00	0.0000000e+00	0.0000000e+00
0.0000000e+00	0.0000000e+00	0.0000000e+00	2.9062446e+01	0.0000000e+00	1.0198858e+01	0.0000000e+00	0.0000000e+00	0.0000000e+00	1.7532846e+02	0.0000000e+00	1.9860774e-01	0.0000000e+00	0.0000000e+00
0.0000000e+00	0.0000000e+00	2.7128682e+01	0.0000000e+00	3.9385030e+01	4.1148230e+01	0.0000000e+00	0.0000000e+00	0.0000000e+00	0.0000000e+00	4.7401530e+01	0.0000000e+00	1.2049462e-01	0.0000000e+00
0.0000000e+00	0.0000000e+00	0.0000000e+00	2.4552760e+01	0.0000000e+00	0.0000000e+00	5.3156019e+01	0.0000000e+00	0.0000000e+00	0.0000000e+00	0.0000000e+00	0.0000000e+00	0.0000000e+00	0.0000000e+00
0.0000000e+00	0.0000000e+00	1.7540837e+01	4.9035692e+01	0.0000000e+00	0.0000000e+00	6.6992470e-01	0.0000000e+00	0.0000000e+00	0.0000000e+00	0.0000000e+00	9.9159052e+00	2.8830101e+00	0.0000000e+00
0.0000000e+00	0.0000000e+00	0.0000000e+00	0.0000000e+00	3.8323750e+01	1.5502194e+01	0.0000000e+00	0.0000000e+00	0.0000000e+00	0.0000000e+00	0.0000000e+00	0.0000000e+00	0.0000000e+00	0.0000000e+00
7.7447506e+00	0.0000000e+00	0.0000000e+00	0.0000000e+00	0.0000000e+00	0.0000000e+00	0.0000000e+00	0.0000000e+00	7.6741079e-01	2.1560132e+00	0.0000000e+00	0.0000000e+00	0.0000000e+00	0.0000000e+00
3.7075266e+00	0.0000000e+00	0.0000000e+00	0.0000000e+00	0.0000000e+00	0.0000000e+00	0.0000000e+00	4.2278841e-01	0.0000000e+00	0.0000000e+00	5.9724837e-01	0.0000000e+00	0.0000000e+00	0.0000000e+00
0.0000000e+00	0.0000000e+00	1.7005008e+02	0.0000000e+00	0.0000000e+00	7.5320245e-02	0.0000000e+00	2.2712810e+00	0.0000000e+00	0.0000000e+00	6.2446857e+00	0.0000000e+00	0.0000000e+00	0.0000000e+00
0.0000000e+00	0.0000000e+00	0.0000000e+00	5.2525683e+01	0.0000000e+00	7.8906118e-02	0.0000000e+00	0.0000000e+00	4.8198058e-01	1.1568949e+00	0.0000000e+00	0.0000000e+00	0.0000000e+00	0.0000000e+00
0.0000000e+00	0.0000000e+00	6.8771864e-02	0.0000000e+00	0.0000000e+00	1.0666757e+01	0.0000000e+00	0.0000000e+00	0.0000000e+00	0.0000000e+00	0.0000000e+00	0.0000000e+00	6.1291077e-02	0.0000000e+00
0.0000000e+00	0.0000000e+00	0.0000000e+00	7.3860109e-03	0.0000000e+00	2.3751028e+00	0.0000000e+00	0.0000000e+00	0.0000000e+00	0.0000000e+00	0.0000000e+00	6.8230697e-01	0.0000000e+00	0.0000000e+00
0.0000000e+00	0.0000000e+00	0.0000000e+00	0.0000000e+00	0.0000000e+00	0.0000000e+00	0.0000000e+00	0.0000000e+00	0.0000000e+00	0.0000000e+00	0.0000000e+00	0.0000000e+00	0.0000000e+00	0.0000000e+00

0.0000000e+00	4.8712425e-01	0.0000000e+00	0.0000000e+00	0.0000000e+00	0.0000000e+00	0.0000000e+00	9.6660490e+00	3.8706865e+00	0.0000000e+00	0.0000000e+00	0.0000000e+00	0.0000000e+00	0.0000000e+00
4.8712425e-01	0.0000000e+00	0.0000000e+00	0.0000000e+00	0.0000000e+00	0.0000000e+00	0.0000000e+00	0.0000000e+00	0.0000000e+00	0.0000000e+00	0.0000000e+00	0.0000000e+00	0.0000000e+00	0.0000000e+00
0.0000000e+00	0.0000000e+00	0.0000000e+00	3.0000958e+01	0.0000000e+00	1.0272654e+01	0.0000000e+00	0.0000000e+00	0.0000000e+00	1.7527698e+02	0.0000000e+00	2.1758637e-01	0.0000000e+00	0.0000000e+00
0.0000000e+00	0.0000000e+00	2.7134857e+01	0.0000000e+00	4.1688928e+01	4.1465960e+01	0.0000000e+00	0.0000000e+00	0.0000000e+00	0.0000000e+00	4.7541315e+01	0.0000000e+00	1.3835748e-01	0.0000000e+00
0.0000000e+00	0.0000000e+00	0.0000000e+00	2.4592718e+01	0.0000000e+00	0.0000000e+00	5.7528152e+01	0.0000000e+00	0.0000000e+00	0.0000000e+00	0.0000000e+00	0.0000000e+00	0.0000000e+00	0.0000000e+00
0.0000000e+00	0.0000000e+00	1.8328514e+01	5.0874570e+01	0.0000000e+00	0.0000000e+00	6.6989602e-01	0.0000000e+00	0.0000000e+00	8.9777458e-03	0.0000000e+00	1.0343436e+01	3.0332844e+00	0.0000000e+00
0.0000000e+00	0.0000000e+00	0.0000000e+00	0.0000000e+00	4.0431942e+01	1.7766106e+01	0.0000000e+00	0.0000000e+00	0.0000000e+00	0.0000000e+00	0.0000000e+00	0.0000000e+00	0.0000000e+00	0.0000000e+00
9.4329786e+00	0.0000000e+00	0.0000000e+00	0.0000000e+00	0.0000000e+00	0.0000000e+00	0.0000000e+00	0.0000000e+00	1.0003353e+00	1.8082047e+00	0.0000000e+00	0.0000000e+00	0.0000000e+00	0.0000000e+00
4.1037569e+00	0.0000000e+00	0.0000000e+00	0.0000000e+00	0.0000000e+00	0.0000000e+00	0.0000000e+00	4.2217000e-01	0.0000000e+00	0.0000000e+00	6.8686890e-01	0.0000000e+00	0.0000000e+00	0.0000000e+00
0.0000000e+00	0.0000000e+00	1.7022752e+02	0.0000000e+00	0.0000000e+00	4.6720401e-02	0.0000000e+00	2.1532996e+00	0.0000000e+00	0.0000000e+00	5.8235192e+00	0.0000000e+00	0.0000000e+00	0.0000000e+00
0.0000000e+00	0.0000000e+00	0.0000000e+00	5.2494133e+01	0.0000000e+00	5.8894419e-02	0.0000000e+00	0.0000000e+00	3.4177399e-01	1.1569017e+00	0.0000000e+00	0.0000000e+00	0.0000000e+00	0.0000000e+00
0.0000000e+00	0.0000000e+00	7.7282784e-02	0.0000000e+00	0.0000000e+00	1.1128826e+01	0.0000000e+00	0.0000000e+00	0.0000000e+00	0.0000000e+00	0.0000000e+00	0.0000000e+00	6.1295636e-02	0.0000000e+00
0.0000000e+00	0.0000000e+00	0.0000000e+00	7.0392501e-03	0.0000000e+00	2.5195161e+00	0.0000000e+00	0.0000000e+00	0.0000000e+00	0.0000000e+00	0.0000000e+00	7.0638222e-01	0.0000000e+00	0.0000000e+00
0.0000000e+00	0.0000000e+00	0.0000000e+00	0.0000000e+00	0.0000000e+00	0.0000000e+00	0.0000000e+00	0.0000000e+00	0.0000000e+00	0.0000000e+00	0.0000000e+00	0.0000000e+00	0.0000000e+00	0.0000000e+00

0.0000000e+00	4.8802422e-01	0.0000000e+00	0.0000000e+00	0.0000000e+00	0.0000000e+00	0.0000000e+00	8.0870354e+00	3.5434035e+00	0.0000000e+00	0.0000000e+00	0.0000000e+00	0.0000000e+00	0.0000000e+00
4.8802422e-01	0.0000000e+00	0.0000000e+00	0.0000000e+00	0.0000000e+00	0.0000000e+00	0.0000000e+00	0.0000000e+00	0.0000000e+00	0.0000000e+00	0.0000000e+00	0.0000000e+00	0.0000000e+00	0.0000000e+00
0.0000000e+00	0.0000000e+00	0.0000000e+00	2.7480181e+01	0.0000000e+00	1.1152336e+01	0.0000000e+00	0.0000000e+00	0.0000000e+00	1.7618923e+02	0.0000000e+00	2.3230656e-01	0.0000000e+00	0.0000000e+00
0.0000000e+00	0.0000000e+00	2.7169214e+01	0.0000000e+00	3.7367509e+01	4.3323926e+01	0.0000000e+00	0.0000000e+00	0.0000000e+00	0.0000000e+00	4.8139594e+01	0.0000000e+00	1.3042941e-01	0.0000000e+00
0.0000000e+00	0.0000000e+00	0.0000000e+00	2.4528374e+01	0.0000000e+00	0.0000000e+00	4.9389394e+01	0.0000000e+00	0.0000000e+00	0.0000000e+00	0.0000000e+00	0.0000000e+00	0.0000000e+00	0.0000000e+00
0.0000000e+00	0.0000000e+00	1.6141869e+01	5.1666699e+01	0.0000000e+00	0.0000000e+00	6.6994172e-01	0.0000000e+00	0.0000000e+00	0.0000000e+00	0.0000000e+00	1.0212093e+01	2.9431599e+00	0.0000000e+00
0.0000000e+00	0.0000000e+00	0.0000000e+00	0.0000000e+00	3.6550258e+01	1.3509077e+01	0.0000000e+00	0.0000000e+00	0.0000000e+00	0.0000000e+00	0.0000000e+00	0.0000000e+00	0.0000000e+00	0.0000000e+00
7.8407290e+00	0.0000000e+00	0.0000000e+00	0.0000000e+00	0.0000000e+00	0.0000000e+00	0.0000000e+00	0.0000000e+00	8.8062855e-01	2.1588298e+00	0.0000000e+00	0.0000000e+00	0.0000000e+00	0.0000000e+00
3.7897100e+00	0.0000000e+00	0.0000000e+00	0.0000000e+00	0.0000000e+00	0.0000000e+00	0.0000000e+00	4.2265654e-01	0.0000000e+00	0.0000000e+00	6.4316164e-01	0.0000000e+00	0.0000000e+00	0.0000000e+00
0.0000000e+00	0.0000000e+00	1.7167873e+02	0.0000000e+00	0.0000000e+00	1.0484471e-01	0.0000000e+00	2.3704954e+00	0.0000000e+00	0.0000000e+00	5.3508459e+00	0.0000000e+00	0.0000000e+00	0.0000000e+00
0.0000000e+00	0.0000000e+00	0.0000000e+00	5.2447577e+01	0.0000000e+00	9.7675599e-02	0.0000000e+00	0.0000000e+00	4.3149607e-01	1.1568536e+00	0.0000000e+00	0.0000000e+00	0.0000000e+00	0.0000000e+00
0.0000000e+00	0.0000000e+00	6.4243716e-02	0.0000000e+00	0.0000000e+00	1.0870344e+01	0.0000000e+00	0.0000000e+00	0.0000000e+00	0.0000000e+00	0.0000000e+00	0.0000000e+00	6.1291957e-02	0.0000000e+00
0.0000000e+00	0.0000000e+00	0.0000000e+00	7.8427271e-03	0.0000000e+00	2.5755583e+00	0.0000000e+00	0.0000000e+00	0.0000000e+00	0.0000000e+00	0.0000000e+00	5.5148028e-01	0.0000000e+00	0.0000000e+00
0.0000000e+00	0.0000000e+00	0.0000000e+00	0.0000000e+00	0.0000000e+00	0.0000000e+00	0.0000000e+00	0.0000000e+00	0.0000000e+00	0.0000000e+00	0.0000000e+00	0.0000000e+00	0.0000000e+00	0.0000000e+00

0.0000000e+00	4.8609779e-01	0.0000000e+00	0.0000000e+00	0.0000000e+00	0.0000000e+00	0.0000000e+00	7.8089025e+00	3.5406889e+00	0.0000000e+00	0.0000000e+00	0.0000000e+00	0.0000000e+00	0.0000000e+00
4.8609779e-01	0.0000000e+00	0.0000000e+00	0.0000000e+00	0.0000000e+00	0.0000000e+00	0.0000000e+00	0.0000000e+00	0.0000000e+00	0.0000000e+00	0.0000000e+00	0.0000000e+00	0.0000000e+00	0.0000000e+00
0.0000000e+00	0.0000000e+00	0.0000000e+00	2.7483796e+01	0.0000000e+00	1.0567170e+01	0.0000000e+00	0.0000000e+00	0.0000000e+00	1.7666064e+02	0.0000000e+00	1.9486757e-01	0.0000000e+00	0.0000000e+00
0.0000000e+00	0.0000000e+00	2.8201717e+01	0.0000000e+00	3.6501957e+01	3.9114134e+01	0.0000000e+00	0.0000000e+00	0.0000000e+00	0.0000000e+00	4.7833632e+01	0.0000000e+00	9.6547206e-02	0.0000000e+00
0.0000000e+00	0.0000000e+00	0.0000000e+00	2.4503925e+01	0.0000000e+00	0.0000000e+00	4.8784492e+01	0.0000000e+00	0.0000000e+00	0.0000000e+00	0.0000000e+00	0.0000000e+00	0.0000000e+00	0.0000000e+00
0.0000000e+00	0.0000000e+00	1.4695418e+01	4.7517362e+01	0.0000000e+00	0.0000000e+00	6.6996099e-01	0.0000000e+00	0.0000000e+00	0.0000000e+00	0.0000000e+00	9.3637001e+00	2.5237162e+00	0.0000000e+00
0.0000000e+00	0.0000000e+00	0.0000000e+00	0.0000000e+00	3.6786459e+01	1.2667994e+01	0.0000000e+00	0.0000000e+00	0.0000000e+00	0.0000000e+00	0.0000000e+00	0.0000000e+00	0.0000000e+00	0.0000000e+00
7.4466173e+00	0.0000000e+00	0.0000000e+00	0.0000000e+00	0.0000000e+00	0.0000000e+00	0.0000000e+00	0.0000000e+00	7.5934275e-01	2.5213900e+00	0.0000000e+00	0.0000000e+00	0.0000000e+00	0.0000000e+00
3.9029741e+00	0.0000000e+00	0.0000000e+00	0.0000000e+00	0.0000000e+00	0.0000000e+00	0.0000000e+00	4.2279801e-01	0.0000000e+00	0.0000000e+00	5.5929960e-01	0.0000000e+00	0.0000000e+00	0.0000000e+00
0.0000000e+00	0.0000000e+00	1.7196283e+02	0.0000000e+00	0.0000000e+00	1.6832733e-01	0.0000000e+00	2.4956495e+00	0.0000000e+00	0.0000000e+00	5.7120746e+00	0.0000000e+00	0.0000000e+00	0.0000000e+00
0.0000000e+00	0.0000000e+00	0.0000000e+00	5.2236138e+01	0.0000000e+00	1.2697531e-01	0.0000000e+00	0.0000000e+00	5.8504010e-01	1.1568531e+00	0.0000000e+00	0.0000000e+00	0.0000000e+00	0.0000000e+00
0.0000000e+00	0.0000000e+00	4.6507756e-02	0.0000000e+00	0.0000000e+00	9.7733398e+00	0.0000000e+00	0.0000000e+00	0.0000000e+00	0.0000000e+00	0.0000000e+00	0.0000000e+00	6.1276244e-02	0.0000000e+00
0.0000000e+00	0.0000000e+00	0.0000000e+00	6.7663547e-03	0.0000000e+00	2.3522171e+00	0.0000000e+00	0.0000000e+00	0.0000000e+00	0.0000000e+00	0.0000000e+00	3.2255618e-01	0.0000000e+00	0.0000000e+00
0.0000000e+00	0.0000000e+00	0.0000000e+00	0.0000000e+00	0.0000000e+00	0.0000000e+00	0.0000000e+00	0.0000000e+00	0.0000000e+00	0.0000000e+00	0.0000000e+00	0.0000000e+00	0.0000000e+00	0.0000000e+00

0.0000000e+00	4.8679562e-01	0.0000000e+00	0.0000000e+00	0.0000000e+00	0.0000000e+00	0.0000000e+00	9.3963588e+00	3.8559493e+00	0.0000000e+00	0.0000000e+00	0.0000000e+00	0.0000000e+00	0.0000000e+00
4.8679562e-01	0.0000000e+00	0.0000000e+00	0.0000000e+00	0.0000000e+00	0.0000000e+00	0.0000000e+00	0.0000000e+00	0.0000000e+00	0.0000000e+00	0.0000000e+00	0.0000000e+00	0.0000000e+00	0.0000000e+00
0.0000000e+00	0.0000000e+00	0.0000000e+00	2.7471794e+01	0.0000000e+00	1.1374188e+01	0.0000000e+00	0.0000000e+00	0.0000000e+00	1.7225731e+02	0.0000000e+00	2.0173862e-01	0.0000000e+00	0.0000000e+00
0.0000000e+00	0.0000000e+00	3.0054950e+01	0.0000000e+00	3.5701773e+01	4.3603131e+01	0.0000000e+00	0.0000000e+00	0.0000000e+00	0.0000000e+00	4.6249468e+01	0.0000000e+00	1.1409327e-01	0.0000000e+00
0.0000000e+00	0.0000000e+00	0.0000000e+00	2.4465337e+01	0.0000000e+00	0.0000000e+00	5.2359962e+01	0.0000000e+00	0.0000000e+00	0.0000000e+00	0.0000000e+00	0.0000000e+00	0.0000000e+00	0.0000000e+00
0.0000000e+00	0.0000000e+00	1.4258547e+01	5.2415012e+01	0.0000000e+00	0.0000000e+00	6.6999269e-01	0.0000000e+00	0.0000000e+00	0.0000000e+00	0.0000000e+00	9.6881390e+00	2.6201580e+00	0.0000000e+00
0.0000000e+00	0.0000000e+00	0.0000000e+00	0.0000000e+00	4.1123526e+01	1.1906428e+01	0.0000000e+00	0.0000000e+00	0.0000000e+00	0.0000000e+00	0.0000000e+00	0.0000000e+00	0.0000000e+00	0.0000000e+00
9.2217090e+00	0.0000000e+00	0.0000000e+00	0.0000000e+00	0.0000000e+00	0.0000000e+00	0.0000000e+00	0.0000000e+00	7.5175593e-01	2.0522711e+00	0.0000000e+00	0.0000000e+00	0.0000000e+00	0.0000000e+00
4.0305990e+00	0.0000000e+00	0.0000000e+00	0.0000000e+00	0.0000000e+00	0.0000000e+00	0.0000000e+00	4.2232975e-01	0.0000000e+00	0.0000000e+00	6.3503247e-01	0.0000000e+00	0.0000000e+00	0.0000000e+00
0.0000000e+00	0.0000000e+00	1.6693065e+02	0.0000000e+00	0.0000000e+00	1.1317190e-01	0.0000000e+00	2.2070475e+00	0.0000000e+00	0.0000000e+00	6.2156172e+00	0.0000000e+00	0.0000000e+00	0.0000000e+00
0.0000000e+00	0.0000000e+00	0.0000000e+00	5.1364500e+01	0.0000000e+00	9.8457639e-02	0.0000000e+00	0.0000000e+00	4.8025602e-01	1.1569045e+00	0.0000000e+00	0.0000000e+00	0.0000000e+00	0.0000000e+00
0.0000000e+00	0.0000000e+00	6.0885794e-02	0.0000000e+00	0.0000000e+00	1.0211338e+01	0.0000000e+00	0.0000000e+00	0.0000000e+00	0.0000000e+00	0.0000000e+00	0.0000000e+00	6.1279487e-02	0.0000000e+00
0.0000000e+00	0.0000000e+00	0.0000000e+00	6.7716454e-03	0.0000000e+00	2.3451330e+00	0.0000000e+00	0.0000000e+00	0.0000000e+00	0.0000000e+00	0.0000000e+00	4.4362612e-01	0.0000000e+00	0.0000000e+00
0.0000000e+00	0.0000000e+00	0.0000000e+00	0.0000000e+00	0.0000000e+00	0.0000000e+00	0.0000000e+00	0.0000000e+00	0.0000000e+00	0.0000000e+00	0.0000000e+00	0.0000000e+00	0.0000000e+00	0.0000000e+00

0.0000000e+00	4.8951201e-01	0.0000000e+00	0.0000000e+00	0.0000000e+00	0.0000000e+00	0.0000000e+00	9.6406184e+00	3.8477109e+00	0.0000000e+00	0.0000000e+00	0.0000000e+00	0.0000000e+00	0.0000000e+00
4.8951201e-01	0.0000000e+00	0.0000000e+00	0.0000000e+00	0.0000000e+00	0.0000000e+00	0.0000000e+00	0.0000000e+00	0.0000000e+00	0.0000000e+00	0.0000000e+00	0.0000000e+00	0.0000000e+00	0.0000000e+00
0.0000000e+00	0.0000000e+00	0.0000000e+00	2.8875828e+01	0.0000000e+00	9.9401111e+00	0.0000000e+00	0.0000000e+00	0.0000000e+00	1.7234264e+02	0.0000000e+00	2.0285925e-01	0.0000000e+00	0.0000000e+00
0.0000000e+00	0.0000000e+00	2.7124224e+01	0.0000000e+00	3.9875750e+01	4.0091477e+01	0.0000000e+00	0.0000000e+00	0.0000000e+00	0.0000000e+00	4.6809593e+01	0.0000000e+00	1.2583818e-01	0.0000000e+00
0.0000000e+00	0.0000000e+00	0.0000000e+00	2.4571421e+01	0.0000000e+00	0.0000000e+00	5.2442500e+01	0.0000000e+00	0.0000000e+00	0.0000000e+00	0.0000000e+00	0.0000000e+00	0.0000000e+00	0.0000000e+00
0.0000000e+00	0.0000000e+00	1.6959664e+01	4.8692611e+01	0.0000000e+00	0.0000000e+00	6.6991149e-01	0.0000000e+00	0.0000000e+00	1.3276888e-02	0.0000000e+00	1.0444432e+01	3.1448645e+00	0.0000000e+00
0.0000000e+00	0.0000000e+00	0.0000000e+00	0.0000000e+00	3.7138171e+01	1.5974240e+01	0.0000000e+00	0.0000000e+00	0.0000000e+00	0.0000000e+00	0.0000000e+00	0.0000000e+00	0.0000000e+00	0.0000000e+00
9.3549951e+00	0.0000000e+00	0.0000000e+00	0.0000000e+00	0.0000000e+00	0.0000000e+00	0.0000000e+00	0.0000000e+00	1.5303056e+00	1.4132477e+00	0.0000000e+00	0.0000000e+00	0.0000000e+00	0.0000000e+00
4.1333342e+00	0.0000000e+00	0.0000000e+00	0.0000000e+00	0.0000000e+00	0.0000000e+00	0.0000000e+00	4.2203044e-01	0.0000000e+00	0.0000000e+00	8.7882289e-01	0.0000000e+00	0.0000000e+00	0.0000000e+00
0.0000000e+00	0.0000000e+00	1.6719196e+02	0.0000000e+00	0.0000000e+00	3.7568829e-02	0.0000000e+00	2.2358997e+00	0.0000000e+00	0.0000000e+00	5.4606113e+00	0.0000000e+00	0.0000000e+00	0.0000000e+00
0.0000000e+00	0.0000000e+00	0.0000000e+00	5.1879640e+01	0.0000000e+00	5.6338310e-02	0.0000000e+00	0.0000000e+00	5.6170973e-02	1.1568778e+00	0.0000000e+00	0.0000000e+00	0.0000000e+00	0.0000000e+00
0.0000000e+00	0.0000000e+00	8.5586920e-02	0.0000000e+00	0.0000000e+00	1.1354355e+01	0.0000000e+00	0.0000000e+00	0.0000000e+00	0.0000000e+00	0.0000000e+00	0.0000000e+00	6.1296249e-02	0.0000000e+00
0.0000000e+00	0.0000000e+00	0.0000000e+00	7.3834399e-03	0.0000000e+00	2.4706682e+00	0.0000000e+00	0.0000000e+00	0.0000000e+00	0.0000000e+00	0.0000000e+00	8.5394726e-01	0.0000000e+00	0.0000000e+00
0.0000000e+00	0.0000000e+00	0.0000000e+00	0.0000000e+00	0.0000000e+00	0.0000000e+00	0.0000000e+00	0.0000000e+00	0.0000000e+00	0.0000000e+00	0.0000000e+00	0.0000000e+00	0.0000000e+00	0.0000000e+00

