0.0000000e+00	4.7565969e-01	0.0000000e+00	0.0000000e+00	0.0000000e+00	0.0000000e+00	0.0000000e+00	0.0000000e+00	0.0000000e+00	0.0000000e+00	0.0000000e+00	0.0000000e+00	0.0000000e+00	0.0000000e+00	0.0000000e+00	8.2003159e+00	3.6060538e+00	0.0000000e+00	0.0000000e+00	0.0000000e+00	0.0000000e+00	0.0000000e+00	0.0000000e+00	0.0000000e+00	0.0000000e+00	0.0000000e+00	0.0000000e+00	0.0000000e+00
4.7565969e-01	0.0000000e+00	0.0000000e+00	0.0000000e+00	0.0000000e+00	0.0000000e+00	0.0000000e+00	0.0000000e+00	0.0000000e+00	0.0000000e+00	0.0000000e+00	0.0000000e+00	0.0000000e+00	0.0000000e+00	0.0000000e+00	0.0000000e+00	0.0000000e+00	0.0000000e+00	0.0000000e+00	0.0000000e+00	0.0000000e+00	0.0000000e+00	0.0000000e+00	0.0000000e+00	0.0000000e+00	0.0000000e+00	0.0000000e+00	0.0000000e+00
0.0000000e+00	0.0000000e+00	0.0000000e+00	5.3688025e+00	0.0000000e+00	9.3856519e-01	0.0000000e+00	0.0000000e+00	1.3370746e+01	0.0000000e+00	0.0000000e+00	0.0000000e+00	0.0000000e+00	0.0000000e+00	0.0000000e+00	0.0000000e+00	0.0000000e+00	3.1803867e+01	0.0000000e+00	0.0000000e+00	0.0000000e+00	7.7390692e-03	0.0000000e+00	0.0000000e+00	0.0000000e+00	0.0000000e+00	0.0000000e+00	0.0000000e+00
0.0000000e+00	0.0000000e+00	2.0443642e+00	0.0000000e+00	1.6905498e+00	0.0000000e+00	9.4965197e-01	0.0000000e+00	0.0000000e+00	3.7518490e+01	0.0000000e+00	0.0000000e+00	0.0000000e+00	0.0000000e+00	0.0000000e+00	0.0000000e+00	0.0000000e+00	0.0000000e+00	2.8664272e+00	0.0000000e+00	0.0000000e+00	0.0000000e+00	1.0031459e-01	0.0000000e+00	0.0000000e+00	0.0000000e+00	0.0000000e+00	0.0000000e+00
0.0000000e+00	0.0000000e+00	0.0000000e+00	1.5598061e+00	0.0000000e+00	0.0000000e+00	0.0000000e+00	7.3900036e-01	0.0000000e+00	0.0000000e+00	4.5154851e+00	0.0000000e+00	0.0000000e+00	0.0000000e+00	0.0000000e+00	0.0000000e+00	0.0000000e+00	0.0000000e+00	0.0000000e+00	0.0000000e+00	0.0000000e+00	0.0000000e+00	0.0000000e+00	0.0000000e+00	0.0000000e+00	0.0000000e+00	0.0000000e+00	0.0000000e+00
0.0000000e+00	0.0000000e+00	3.2516488e+00	0.0000000e+00	0.0000000e+00	0.0000000e+00	1.3770001e+00	0.0000000e+00	1.2607091e+00	0.0000000e+00	0.0000000e+00	0.0000000e+00	0.0000000e+00	2.5168764e+00	0.0000000e+00	0.0000000e+00	0.0000000e+00	0.0000000e+00	0.0000000e+00	8.3638295e+00	0.0000000e+00	5.3396748e-02	0.0000000e+00	0.0000000e+00	0.0000000e+00	0.0000000e+00	0.0000000e+00	0.0000000e+00
0.0000000e+00	0.0000000e+00	0.0000000e+00	2.0117273e+00	0.0000000e+00	1.3659327e+00	0.0000000e+00	2.0718549e+00	0.0000000e+00	4.6777440e+00	0.0000000e+00	0.0000000e+00	0.0000000e+00	1.1148560e+01	0.0000000e+00	0.0000000e+00	0.0000000e+00	0.0000000e+00	0.0000000e+00	0.0000000e+00	3.1415208e+00	0.0000000e+00	8.3557154e-03	0.0000000e+00	0.0000000e+00	0.0000000e+00	0.0000000e+00	0.0000000e+00
0.0000000e+00	0.0000000e+00	0.0000000e+00	0.0000000e+00	8.5738961e-01	0.0000000e+00	1.0672480e+00	0.0000000e+00	0.0000000e+00	0.0000000e+00	5.2874792e+00	0.0000000e+00	0.0000000e+00	0.0000000e+00	9.7494817e+00	0.0000000e+00	0.0000000e+00	0.0000000e+00	0.0000000e+00	0.0000000e+00	0.0000000e+00	0.0000000e+00	0.0000000e+00	0.0000000e+00	0.0000000e+00	0.0000000e+00	0.0000000e+00	0.0000000e+00
0.0000000e+00	0.0000000e+00	1.7859115e+01	0.0000000e+00	0.0000000e+00	4.4073104e+00	0.0000000e+00	0.0000000e+00	0.0000000e+00	2.4163881e+01	0.0000000e+00	3.0401713e+00	0.0000000e+00	2.6719523e+00	0.0000000e+00	0.0000000e+00	0.0000000e+00	5.9311263e-02	0.0000000e+00	6.7184518e-01	0.0000000e+00	1.3391314e+02	0.0000000e+00	2.1229280e-01	0.0000000e+00	0.0000000e+00	0.0000000e+00	0.0000000e+00
0.0000000e+00	0.0000000e+00	0.0000000e+00	3.0619531e+01	0.0000000e+00	0.0000000e+00	1.3481017e+01	0.0000000e+00	2.6927798e+01	0.0000000e+00	3.2421658e+01	1.8589807e+01	0.0000000e+00	5.6152227e+00	0.0000000e+00	0.0000000e+00	0.0000000e+00	0.0000000e+00	1.1347989e-04	0.0000000e+00	3.9893558e-01	0.0000000e+00	4.2744068e+01	0.0000000e+00	1.5275176e-01	0.0000000e+00	0.0000000e+00	0.0000000e+00
0.0000000e+00	0.0000000e+00	0.0000000e+00	0.0000000e+00	4.2663521e+00	0.0000000e+00	0.0000000e+00	7.3250158e+00	0.0000000e+00	2.1942534e+01	0.0000000e+00	0.0000000e+00	3.6014204e+01	0.0000000e+00	4.5459136e+00	0.0000000e+00	0.0000000e+00	0.0000000e+00	0.0000000e+00	0.0000000e+00	0.0000000e+00	0.0000000e+00	0.0000000e+00	0.0000000e+00	0.0000000e+00	0.0000000e+00	0.0000000e+00	0.0000000e+00
0.0000000e+00	0.0000000e+00	0.0000000e+00	0.0000000e+00	0.0000000e+00	0.0000000e+00	0.0000000e+00	0.0000000e+00	6.4038278e+00	2.6359827e+01	0.0000000e+00	0.0000000e+00	4.1082195e-01	0.0000000e+00	0.0000000e+00	0.0000000e+00	0.0000000e+00	0.0000000e+00	0.0000000e+00	0.0000000e+00	0.0000000e+00	0.0000000e+00	0.0000000e+00	2.5782354e+00	6.3887528e-01	0.0000000e+00	0.0000000e+00	0.0000000e+00
0.0000000e+00	0.0000000e+00	0.0000000e+00	0.0000000e+00	0.0000000e+00	0.0000000e+00	0.0000000e+00	0.0000000e+00	0.0000000e+00	0.0000000e+00	2.4622719e+01	1.1802307e+01	0.0000000e+00	0.0000000e+00	0.0000000e+00	0.0000000e+00	0.0000000e+00	0.0000000e+00	0.0000000e+00	0.0000000e+00	0.0000000e+00	0.0000000e+00	0.0000000e+00	0.0000000e+00	0.0000000e+00	0.0000000e+00	0.0000000e+00	0.0000000e+00
0.0000000e+00	0.0000000e+00	0.0000000e+00	0.0000000e+00	0.0000000e+00	1.6319951e+00	5.4954640e+00	0.0000000e+00	5.0394292e+00	1.0592081e+01	0.0000000e+00	0.0000000e+00	0.0000000e+00	0.0000000e+00	2.6033156e-01	0.0000000e+00	0.0000000e+00	0.0000000e+00	0.0000000e+00	2.7649347e-02	2.5057013e-03	0.0000000e+00	0.0000000e+00	0.0000000e+00	6.4493038e-05	5.8688912e+00	1.9035809e+00	0.0000000e+00
0.0000000e+00	0.0000000e+00	0.0000000e+00	0.0000000e+00	0.0000000e+00	0.0000000e+00	0.0000000e+00	6.8257274e+00	0.0000000e+00	0.0000000e+00	7.2466783e+00	0.0000000e+00	0.0000000e+00	4.8332118e-01	0.0000000e+00	0.0000000e+00	0.0000000e+00	0.0000000e+00	0.0000000e+00	0.0000000e+00	0.0000000e+00	0.0000000e+00	0.0000000e+00	0.0000000e+00	0.0000000e+00	0.0000000e+00	0.0000000e+00	0.0000000e+00
7.6628976e+00	0.0000000e+00	0.0000000e+00	0.0000000e+00	0.0000000e+00	0.0000000e+00	0.0000000e+00	0.0000000e+00	0.0000000e+00	0.0000000e+00	0.0000000e+00	0.0000000e+00	0.0000000e+00	0.0000000e+00	0.0000000e+00	0.0000000e+00	8.3141412e-01	5.8649177e-01	0.0000000e+00	0.0000000e+00	0.0000000e+00	2.1236231e+00	0.0000000e+00	0.0000000e+00	0.0000000e+00	0.0000000e+00	0.0000000e+00	0.0000000e+00
4.1434722e+00	0.0000000e+00	0.0000000e+00	0.0000000e+00	0.0000000e+00	0.0000000e+00	0.0000000e+00	0.0000000e+00	0.0000000e+00	0.0000000e+00	0.0000000e+00	0.0000000e+00	0.0000000e+00	0.0000000e+00	0.0000000e+00	4.2192760e-01	0.0000000e+00	0.0000000e+00	3.4460990e-01	0.0000000e+00	0.0000000e+00	0.0000000e+00	1.6169812e-01	0.0000000e+00	0.0000000e+00	0.0000000e+00	0.0000000e+00	0.0000000e+00
0.0000000e+00	0.0000000e+00	2.6534052e+01	0.0000000e+00	0.0000000e+00	0.0000000e+00	0.0000000e+00	0.0000000e+00	7.8046594e-02	0.0000000e+00	0.0000000e+00	0.0000000e+00	0.0000000e+00	0.0000000e+00	0.0000000e+00	2.5753809e+00	0.0000000e+00	0.0000000e+00	1.8399533e+00	0.0000000e+00	0.0000000e+00	6.2858017e+00	0.0000000e+00	0.0000000e+00	0.0000000e+00	0.0000000e+00	0.0000000e+00	0.0000000e+00
0.0000000e+00	0.0000000e+00	0.0000000e+00	5.0452427e+00	0.0000000e+00	0.0000000e+00	0.0000000e+00	0.0000000e+00	0.0000000e+00	7.8975017e-03	0.0000000e+00	0.0000000e+00	0.0000000e+00	0.0000000e+00	0.0000000e+00	0.0000000e+00	6.3423987e-01	2.7604668e-01	0.0000000e+00	0.0000000e+00	0.0000000e+00	0.0000000e+00	0.0000000e+00	0.0000000e+00	0.0000000e+00	0.0000000e+00	0.0000000e+00	0.0000000e+00
0.0000000e+00	0.0000000e+00	0.0000000e+00	0.0000000e+00	0.0000000e+00	8.4617651e+00	0.0000000e+00	0.0000000e+00	9.2810717e-01	0.0000000e+00	0.0000000e+00	0.0000000e+00	0.0000000e+00	3.9259576e-02	0.0000000e+00	0.0000000e+00	0.0000000e+00	0.0000000e+00	0.0000000e+00	0.0000000e+00	7.0081814e-02	5.9624726e-01	0.0000000e+00	0.0000000e+00	0.0000000e+00	0.0000000e+00	0.0000000e+00	0.0000000e+00
0.0000000e+00	0.0000000e+00	0.0000000e+00	0.0000000e+00	0.0000000e+00	0.0000000e+00	2.0478596e+00	0.0000000e+00	0.0000000e+00	4.3616248e-01	0.0000000e+00	0.0000000e+00	0.0000000e+00	6.2268722e-02	0.0000000e+00	0.0000000e+00	0.0000000e+00	0.0000000e+00	0.0000000e+00	1.0051246e+00	0.0000000e+00	0.0000000e+00	6.5292400e-02	0.0000000e+00	0.0000000e+00	0.0000000e+00	0.0000000e+00	0.0000000e+00
0.0000000e+00	0.0000000e+00	1.8005392e+00	0.0000000e+00	0.0000000e+00	1.7892234e-02	0.0000000e+00	0.0000000e+00	1.3288350e+02	0.0000000e+00	0.0000000e+00	0.0000000e+00	0.0000000e+00	0.0000000e+00	0.0000000e+00	6.8021733e-03	0.0000000e+00	4.5875184e+00	0.0000000e+00	2.7012322e-02	0.0000000e+00	0.0000000e+00	4.4683711e+00	0.0000000e+00	0.0000000e+00	0.0000000e+00	0.0000000e+00	0.0000000e+00
0.0000000e+00	0.0000000e+00	0.0000000e+00	5.6468787e-01	0.0000000e+00	0.0000000e+00	7.4546582e-03	0.0000000e+00	0.0000000e+00	4.5248287e+01	0.0000000e+00	0.0000000e+00	0.0000000e+00	0.0000000e+00	0.0000000e+00	0.0000000e+00	0.0000000e+00	0.0000000e+00	9.1232284e-01	0.0000000e+00	3.6638306e-03	8.1168430e-01	0.0000000e+00	0.0000000e+00	0.0000000e+00	0.0000000e+00	0.0000000e+00	0.0000000e+00
0.0000000e+00	0.0000000e+00	0.0000000e+00	0.0000000e+00	0.0000000e+00	0.0000000e+00	0.0000000e+00	0.0000000e+00	1.0685920e-01	0.0000000e+00	0.0000000e+00	2.7197634e+00	0.0000000e+00	2.9936946e-01	0.0000000e+00	0.0000000e+00	0.0000000e+00	0.0000000e+00	0.0000000e+00	0.0000000e+00	0.0000000e+00	0.0000000e+00	0.0000000e+00	0.0000000e+00	7.2325357e-03	8.2560893e-02	0.0000000e+00	0.0000000e+00
0.0000000e+00	0.0000000e+00	0.0000000e+00	0.0000000e+00	0.0000000e+00	0.0000000e+00	0.0000000e+00	0.0000000e+00	0.0000000e+00	3.9980527e-03	0.0000000e+00	2.3953903e-01	0.0000000e+00	1.0239873e-01	0.0000000e+00	0.0000000e+00	0.0000000e+00	0.0000000e+00	0.0000000e+00	0.0000000e+00	0.0000000e+00	0.0000000e+00	0.0000000e+00	4.2525730e-01	0.0000000e+00	0.0000000e+00	2.7730968e-02	0.0000000e+00
0.0000000e+00	0.0000000e+00	0.0000000e+00	0.0000000e+00	0.0000000e+00	0.0000000e+00	0.0000000e+00	0.0000000e+00	0.0000000e+00	0.0000000e+00	0.0000000e+00	0.0000000e+00	0.0000000e+00	6.2464335e+00	0.0000000e+00	0.0000000e+00	0.0000000e+00	0.0000000e+00	0.0000000e+00	0.0000000e+00	0.0000000e+00	0.0000000e+00	0.0000000e+00	0.0000000e+00	0.0000000e+00	0.0000000e+00	5.4053284e-02	0.0000000e+00
0.0000000e+00	0.0000000e+00	0.0000000e+00	0.0000000e+00	0.0000000e+00	0.0000000e+00	0.0000000e+00	0.0000000e+00	0.0000000e+00	0.0000000e+00	0.0000000e+00	0.0000000e+00	0.0000000e+00	1.6363305e+00	0.0000000e+00	0.0000000e+00	0.0000000e+00	0.0000000e+00	0.0000000e+00	0.0000000e+00	0.0000000e+00	0.0000000e+00	0.0000000e+00	0.0000000e+00	0.0000000e+00	3.4903462e-01	0.0000000e+00	0.0000000e+00
0.0000000e+00	0.0000000e+00	0.0000000e+00	0.0000000e+00	0.0000000e+00	0.0000000e+00	0.0000000e+00	0.0000000e+00	0.0000000e+00	0.0000000e+00	0.0000000e+00	0.0000000e+00	0.0000000e+00	0.0000000e+00	0.0000000e+00	0.0000000e+00	0.0000000e+00	0.0000000e+00	0.0000000e+00	0.0000000e+00	0.0000000e+00	0.0000000e+00	0.0000000e+00	0.0000000e+00	0.0000000e+00	0.0000000e+00	0.0000000e+00	0.0000000e+00
