0.0000000e+00	4.7443767e-01	0.0000000e+00	0.0000000e+00	0.0000000e+00	0.0000000e+00	0.0000000e+00	8.0364268e+00	3.7621178e+00	0.0000000e+00
4.7443767e-01	0.0000000e+00	0.0000000e+00	0.0000000e+00	0.0000000e+00	0.0000000e+00	0.0000000e+00	0.0000000e+00	0.0000000e+00	0.0000000e+00
0.0000000e+00	0.0000000e+00	0.0000000e+00	2.7326171e+01	0.0000000e+00	8.0005321e+00	0.0000000e+00	1.7442886e+02	0.0000000e+00	0.0000000e+00
0.0000000e+00	0.0000000e+00	2.7620395e+01	0.0000000e+00	3.5756671e+01	3.3897691e+01	0.0000000e+00	0.0000000e+00	4.8946492e+01	0.0000000e+00
0.0000000e+00	0.0000000e+00	0.0000000e+00	2.4527827e+01	0.0000000e+00	0.0000000e+00	4.6561312e+01	0.0000000e+00	0.0000000e+00	0.0000000e+00
0.0000000e+00	0.0000000e+00	1.2564904e+01	4.0748213e+01	0.0000000e+00	0.0000000e+00	6.6992457e-01	8.2600590e+00	2.4820449e+00	0.0000000e+00
0.0000000e+00	0.0000000e+00	0.0000000e+00	0.0000000e+00	3.5332467e+01	1.1898769e+01	0.0000000e+00	0.0000000e+00	0.0000000e+00	0.0000000e+00
7.7446148e+00	0.0000000e+00	1.6957027e+02	0.0000000e+00	0.0000000e+00	8.9948370e+00	0.0000000e+00	0.0000000e+00	6.0545443e+00	0.0000000e+00
4.0539298e+00	0.0000000e+00	0.0000000e+00	5.3619039e+01	0.0000000e+00	1.9333148e+00	0.0000000e+00	1.6389155e+00	0.0000000e+00	0.0000000e+00
0.0000000e+00	0.0000000e+00	0.0000000e+00	0.0000000e+00	0.0000000e+00	0.0000000e+00	0.0000000e+00	0.0000000e+00	0.0000000e+00	0.0000000e+00

0.0000000e+00	4.7387641e-01	0.0000000e+00	0.0000000e+00	0.0000000e+00	0.0000000e+00	0.0000000e+00	8.2263490e+00	3.7170192e+00	0.0000000e+00
4.7387641e-01	0.0000000e+00	0.0000000e+00	0.0000000e+00	0.0000000e+00	0.0000000e+00	0.0000000e+00	0.0000000e+00	0.0000000e+00	0.0000000e+00
0.0000000e+00	0.0000000e+00	0.0000000e+00	2.7326009e+01	0.0000000e+00	8.2631059e+00	0.0000000e+00	1.7239634e+02	0.0000000e+00	0.0000000e+00
0.0000000e+00	0.0000000e+00	2.7619957e+01	0.0000000e+00	3.5670012e+01	3.4180252e+01	0.0000000e+00	0.0000000e+00	4.7865257e+01	0.0000000e+00
0.0000000e+00	0.0000000e+00	0.0000000e+00	2.4537881e+01	0.0000000e+00	0.0000000e+00	4.8056695e+01	0.0000000e+00	0.0000000e+00	0.0000000e+00
0.0000000e+00	0.0000000e+00	1.2597255e+01	4.1163688e+01	0.0000000e+00	0.0000000e+00	6.6991959e-01	8.1197710e+00	2.4367770e+00	0.0000000e+00
0.0000000e+00	0.0000000e+00	0.0000000e+00	0.0000000e+00	3.6924563e+01	1.1802051e+01	0.0000000e+00	0.0000000e+00	0.0000000e+00	0.0000000e+00
7.8248328e+00	0.0000000e+00	1.6776825e+02	0.0000000e+00	0.0000000e+00	8.8376532e+00	0.0000000e+00	0.0000000e+00	5.9506581e+00	0.0000000e+00
4.1185353e+00	0.0000000e+00	0.0000000e+00	5.2307900e+01	0.0000000e+00	1.9043478e+00	0.0000000e+00	1.6389280e+00	0.0000000e+00	0.0000000e+00
0.0000000e+00	0.0000000e+00	0.0000000e+00	0.0000000e+00	0.0000000e+00	0.0000000e+00	0.0000000e+00	0.0000000e+00	0.0000000e+00	0.0000000e+00

0.0000000e+00	4.7457488e-01	0.0000000e+00	0.0000000e+00	0.0000000e+00	0.0000000e+00	0.0000000e+00	7.9870343e+00	3.6939682e+00	0.0000000e+00
4.7457488e-01	0.0000000e+00	0.0000000e+00	0.0000000e+00	0.0000000e+00	0.0000000e+00	0.0000000e+00	0.0000000e+00	0.0000000e+00	0.0000000e+00
0.0000000e+00	0.0000000e+00	0.0000000e+00	2.7326240e+01	0.0000000e+00	8.3005012e+00	0.0000000e+00	1.7200525e+02	0.0000000e+00	0.0000000e+00
0.0000000e+00	0.0000000e+00	2.8272601e+01	0.0000000e+00	3.5481788e+01	3.4133497e+01	0.0000000e+00	0.0000000e+00	4.7801699e+01	0.0000000e+00
0.0000000e+00	0.0000000e+00	0.0000000e+00	2.4533645e+01	0.0000000e+00	0.0000000e+00	4.6988939e+01	0.0000000e+00	0.0000000e+00	0.0000000e+00
0.0000000e+00	0.0000000e+00	1.2397830e+01	4.1183546e+01	0.0000000e+00	0.0000000e+00	6.6992191e-01	8.3688024e+00	2.5206507e+00	0.0000000e+00
0.0000000e+00	0.0000000e+00	0.0000000e+00	0.0000000e+00	3.6040795e+01	1.1618066e+01	0.0000000e+00	0.0000000e+00	0.0000000e+00	0.0000000e+00
7.6931943e+00	0.0000000e+00	1.6696156e+02	0.0000000e+00	0.0000000e+00	9.1086694e+00	0.0000000e+00	0.0000000e+00	6.2365863e+00	0.0000000e+00
3.9878082e+00	0.0000000e+00	0.0000000e+00	5.2646156e+01	0.0000000e+00	1.9800168e+00	0.0000000e+00	1.6389235e+00	0.0000000e+00	0.0000000e+00
0.0000000e+00	0.0000000e+00	0.0000000e+00	0.0000000e+00	0.0000000e+00	0.0000000e+00	0.0000000e+00	0.0000000e+00	0.0000000e+00	0.0000000e+00

0.0000000e+00	4.7460734e-01	0.0000000e+00	0.0000000e+00	0.0000000e+00	0.0000000e+00	0.0000000e+00	8.0233149e+00	3.7895556e+00	0.0000000e+00
4.7460734e-01	0.0000000e+00	0.0000000e+00	0.0000000e+00	0.0000000e+00	0.0000000e+00	0.0000000e+00	0.0000000e+00	0.0000000e+00	0.0000000e+00
0.0000000e+00	0.0000000e+00	0.0000000e+00	2.7326451e+01	0.0000000e+00	8.3438480e+00	0.0000000e+00	1.7383249e+02	0.0000000e+00	0.0000000e+00
0.0000000e+00	0.0000000e+00	2.8816320e+01	0.0000000e+00	3.3557781e+01	3.4764494e+01	0.0000000e+00	0.0000000e+00	4.8910140e+01	0.0000000e+00
0.0000000e+00	0.0000000e+00	0.0000000e+00	2.4491103e+01	0.0000000e+00	0.0000000e+00	4.5373475e+01	0.0000000e+00	0.0000000e+00	0.0000000e+00
0.0000000e+00	0.0000000e+00	1.2122610e+01	4.0237908e+01	0.0000000e+00	0.0000000e+00	6.6995630e-01	8.4106072e+00	2.5834028e+00	0.0000000e+00
0.0000000e+00	0.0000000e+00	0.0000000e+00	0.0000000e+00	3.6306798e+01	9.7366341e+00	0.0000000e+00	0.0000000e+00	0.0000000e+00	0.0000000e+00
7.7775066e+00	0.0000000e+00	1.6856386e+02	0.0000000e+00	0.0000000e+00	9.1886817e+00	0.0000000e+00	0.0000000e+00	6.3752650e+00	0.0000000e+00
4.0353640e+00	0.0000000e+00	0.0000000e+00	5.3993273e+01	0.0000000e+00	1.9908263e+00	0.0000000e+00	1.6389001e+00	0.0000000e+00	0.0000000e+00
0.0000000e+00	0.0000000e+00	0.0000000e+00	0.0000000e+00	0.0000000e+00	0.0000000e+00	0.0000000e+00	0.0000000e+00	0.0000000e+00	0.0000000e+00

0.0000000e+00	4.7672916e-01	0.0000000e+00	0.0000000e+00	0.0000000e+00	0.0000000e+00	0.0000000e+00	7.6218603e+00	3.7971034e+00	0.0000000e+00
4.7672916e-01	0.0000000e+00	0.0000000e+00	0.0000000e+00	0.0000000e+00	0.0000000e+00	0.0000000e+00	0.0000000e+00	0.0000000e+00	0.0000000e+00
0.0000000e+00	0.0000000e+00	0.0000000e+00	2.7326917e+01	0.0000000e+00	8.4419031e+00	0.0000000e+00	1.7337758e+02	0.0000000e+00	0.0000000e+00
0.0000000e+00	0.0000000e+00	2.7732998e+01	0.0000000e+00	3.6221162e+01	3.5247045e+01	0.0000000e+00	0.0000000e+00	4.8666429e+01	0.0000000e+00
0.0000000e+00	0.0000000e+00	0.0000000e+00	2.4549098e+01	0.0000000e+00	0.0000000e+00	4.8618085e+01	0.0000000e+00	0.0000000e+00	0.0000000e+00
0.0000000e+00	0.0000000e+00	1.2478840e+01	4.3082564e+01	0.0000000e+00	0.0000000e+00	6.6991161e-01	8.6024573e+00	2.6605295e+00	0.0000000e+00
0.0000000e+00	0.0000000e+00	0.0000000e+00	0.0000000e+00	3.6946022e+01	1.2341975e+01	0.0000000e+00	0.0000000e+00	0.0000000e+00	0.0000000e+00
7.4694456e+00	0.0000000e+00	1.6893457e+02	0.0000000e+00	0.0000000e+00	9.4381174e+00	0.0000000e+00	0.0000000e+00	5.3986750e+00	0.0000000e+00
3.9495181e+00	0.0000000e+00	0.0000000e+00	5.2909054e+01	0.0000000e+00	2.0252619e+00	0.0000000e+00	1.6389031e+00	0.0000000e+00	0.0000000e+00
0.0000000e+00	0.0000000e+00	0.0000000e+00	0.0000000e+00	0.0000000e+00	0.0000000e+00	0.0000000e+00	0.0000000e+00	0.0000000e+00	0.0000000e+00

0.0000000e+00	4.7577951e-01	0.0000000e+00	0.0000000e+00	0.0000000e+00	0.0000000e+00	0.0000000e+00	7.7310709e+00	3.6066477e+00	0.0000000e+00
4.7577951e-01	0.0000000e+00	0.0000000e+00	0.0000000e+00	0.0000000e+00	0.0000000e+00	0.0000000e+00	0.0000000e+00	0.0000000e+00	0.0000000e+00
0.0000000e+00	0.0000000e+00	0.0000000e+00	2.7327387e+01	0.0000000e+00	8.3699844e+00	0.0000000e+00	1.7145964e+02	0.0000000e+00	0.0000000e+00
0.0000000e+00	0.0000000e+00	2.9122474e+01	0.0000000e+00	3.4256055e+01	3.2893481e+01	0.0000000e+00	0.0000000e+00	4.6895567e+01	0.0000000e+00
0.0000000e+00	0.0000000e+00	0.0000000e+00	2.4545788e+01	0.0000000e+00	0.0000000e+00	4.4273423e+01	0.0000000e+00	0.0000000e+00	0.0000000e+00
0.0000000e+00	0.0000000e+00	1.0793402e+01	4.0426183e+01	0.0000000e+00	0.0000000e+00	6.6991260e-01	7.7849105e+00	2.2613266e+00	0.0000000e+00
0.0000000e+00	0.0000000e+00	0.0000000e+00	0.0000000e+00	3.4563156e+01	1.0380180e+01	0.0000000e+00	0.0000000e+00	0.0000000e+00	0.0000000e+00
7.4666009e+00	0.0000000e+00	1.6724114e+02	0.0000000e+00	0.0000000e+00	8.4181172e+00	0.0000000e+00	0.0000000e+00	5.4886638e+00	0.0000000e+00
3.8711177e+00	0.0000000e+00	0.0000000e+00	5.0868219e+01	0.0000000e+00	1.8739721e+00	0.0000000e+00	1.6388965e+00	0.0000000e+00	0.0000000e+00
0.0000000e+00	0.0000000e+00	0.0000000e+00	0.0000000e+00	0.0000000e+00	0.0000000e+00	0.0000000e+00	0.0000000e+00	0.0000000e+00	0.0000000e+00

0.0000000e+00	4.7521900e-01	0.0000000e+00	0.0000000e+00	0.0000000e+00	0.0000000e+00	0.0000000e+00	7.7003866e+00	3.5538467e+00	0.0000000e+00
4.7521900e-01	0.0000000e+00	0.0000000e+00	0.0000000e+00	0.0000000e+00	0.0000000e+00	0.0000000e+00	0.0000000e+00	0.0000000e+00	0.0000000e+00
0.0000000e+00	0.0000000e+00	0.0000000e+00	2.7326931e+01	0.0000000e+00	8.5293259e+00	0.0000000e+00	1.6771852e+02	0.0000000e+00	0.0000000e+00
0.0000000e+00	0.0000000e+00	2.8205033e+01	0.0000000e+00	3.5503624e+01	3.3870829e+01	0.0000000e+00	0.0000000e+00	4.6401285e+01	0.0000000e+00
0.0000000e+00	0.0000000e+00	0.0000000e+00	2.4549663e+01	0.0000000e+00	0.0000000e+00	4.8422855e+01	0.0000000e+00	0.0000000e+00	0.0000000e+00
0.0000000e+00	0.0000000e+00	1.2257289e+01	4.1296245e+01	0.0000000e+00	0.0000000e+00	6.6991210e-01	7.9197161e+00	2.4147251e+00	0.0000000e+00
0.0000000e+00	0.0000000e+00	0.0000000e+00	0.0000000e+00	3.7468894e+01	1.1623873e+01	0.0000000e+00	0.0000000e+00	0.0000000e+00	0.0000000e+00
7.4438430e+00	0.0000000e+00	1.6311246e+02	0.0000000e+00	0.0000000e+00	8.6546155e+00	0.0000000e+00	0.0000000e+00	5.7666463e+00	0.0000000e+00
3.8103902e+00	0.0000000e+00	0.0000000e+00	5.0807933e+01	0.0000000e+00	1.8792432e+00	0.0000000e+00	1.6389369e+00	0.0000000e+00	0.0000000e+00
0.0000000e+00	0.0000000e+00	0.0000000e+00	0.0000000e+00	0.0000000e+00	0.0000000e+00	0.0000000e+00	0.0000000e+00	0.0000000e+00	0.0000000e+00

0.0000000e+00	4.7826581e-01	0.0000000e+00	0.0000000e+00	0.0000000e+00	0.0000000e+00	0.0000000e+00	7.0354032e+00	3.7460355e+00	0.0000000e+00
4.7826581e-01	0.0000000e+00	0.0000000e+00	0.0000000e+00	0.0000000e+00	0.0000000e+00	0.0000000e+00	0.0000000e+00	0.0000000e+00	0.0000000e+00
0.0000000e+00	0.0000000e+00	0.0000000e+00	2.7327791e+01	0.0000000e+00	8.4618130e+00	0.0000000e+00	1.7061927e+02	0.0000000e+00	0.0000000e+00
0.0000000e+00	0.0000000e+00	2.8638130e+01	0.0000000e+00	3.3942435e+01	3.5419808e+01	0.0000000e+00	0.0000000e+00	4.9234479e+01	0.0000000e+00
0.0000000e+00	0.0000000e+00	0.0000000e+00	2.4530638e+01	0.0000000e+00	0.0000000e+00	4.4574327e+01	0.0000000e+00	0.0000000e+00	0.0000000e+00
0.0000000e+00	0.0000000e+00	1.1781061e+01	4.1710790e+01	0.0000000e+00	0.0000000e+00	6.6992760e-01	8.7372510e+00	2.8113039e+00	0.0000000e+00
0.0000000e+00	0.0000000e+00	0.0000000e+00	0.0000000e+00	3.5162529e+01	1.0081725e+01	0.0000000e+00	0.0000000e+00	0.0000000e+00	0.0000000e+00
7.0676542e+00	0.0000000e+00	1.6598968e+02	0.0000000e+00	0.0000000e+00	9.6728297e+00	0.0000000e+00	0.0000000e+00	5.3006053e+00	0.0000000e+00
3.7137844e+00	0.0000000e+00	0.0000000e+00	5.3665634e+01	0.0000000e+00	2.0741578e+00	0.0000000e+00	1.6388474e+00	0.0000000e+00	0.0000000e+00
0.0000000e+00	0.0000000e+00	0.0000000e+00	0.0000000e+00	0.0000000e+00	0.0000000e+00	0.0000000e+00	0.0000000e+00	0.0000000e+00	0.0000000e+00

0.0000000e+00	4.7531888e-01	0.0000000e+00	0.0000000e+00	0.0000000e+00	0.0000000e+00	0.0000000e+00	8.6843810e+00	3.7559146e+00	0.0000000e+00
4.7531888e-01	0.0000000e+00	0.0000000e+00	0.0000000e+00	0.0000000e+00	0.0000000e+00	0.0000000e+00	0.0000000e+00	0.0000000e+00	0.0000000e+00
0.0000000e+00	0.0000000e+00	0.0000000e+00	2.9876007e+01	0.0000000e+00	7.4100316e+00	0.0000000e+00	1.7987973e+02	0.0000000e+00	0.0000000e+00
0.0000000e+00	0.0000000e+00	2.7273410e+01	0.0000000e+00	3.7997202e+01	3.6054398e+01	0.0000000e+00	0.0000000e+00	5.0951492e+01	0.0000000e+00
0.0000000e+00	0.0000000e+00	0.0000000e+00	2.4549919e+01	0.0000000e+00	0.0000000e+00	5.5611981e+01	0.0000000e+00	0.0000000e+00	0.0000000e+00
0.0000000e+00	0.0000000e+00	1.4408474e+01	4.2693073e+01	0.0000000e+00	0.0000000e+00	6.6991214e-01	9.0407437e+00	2.8910205e+00	0.0000000e+00
0.0000000e+00	0.0000000e+00	0.0000000e+00	0.0000000e+00	4.2164698e+01	1.4117195e+01	0.0000000e+00	0.0000000e+00	0.0000000e+00	0.0000000e+00
8.2784960e+00	0.0000000e+00	1.7548389e+02	0.0000000e+00	0.0000000e+00	9.9869411e+00	0.0000000e+00	0.0000000e+00	5.4944476e+00	0.0000000e+00
4.1617997e+00	0.0000000e+00	0.0000000e+00	5.5157503e+01	0.0000000e+00	2.1346574e+00	0.0000000e+00	1.6389142e+00	0.0000000e+00	0.0000000e+00
0.0000000e+00	0.0000000e+00	0.0000000e+00	0.0000000e+00	0.0000000e+00	0.0000000e+00	0.0000000e+00	0.0000000e+00	0.0000000e+00	0.0000000e+00

0.0000000e+00	4.7440308e-01	0.0000000e+00	0.0000000e+00	0.0000000e+00	0.0000000e+00	0.0000000e+00	8.5891744e+00	3.6387027e+00	0.0000000e+00
4.7440308e-01	0.0000000e+00	0.0000000e+00	0.0000000e+00	0.0000000e+00	0.0000000e+00	0.0000000e+00	0.0000000e+00	0.0000000e+00	0.0000000e+00
0.0000000e+00	0.0000000e+00	0.0000000e+00	2.9439223e+01	0.0000000e+00	7.8181666e+00	0.0000000e+00	1.7965626e+02	0.0000000e+00	0.0000000e+00
0.0000000e+00	0.0000000e+00	2.7273225e+01	0.0000000e+00	3.8211726e+01	3.7154127e+01	0.0000000e+00	0.0000000e+00	4.9747555e+01	0.0000000e+00
0.0000000e+00	0.0000000e+00	0.0000000e+00	2.4558687e+01	0.0000000e+00	0.0000000e+00	5.8328420e+01	0.0000000e+00	0.0000000e+00	0.0000000e+00
0.0000000e+00	0.0000000e+00	1.4465051e+01	4.4344252e+01	0.0000000e+00	0.0000000e+00	6.6990814e-01	8.5866707e+00	2.6751436e+00	0.0000000e+00
0.0000000e+00	0.0000000e+00	0.0000000e+00	0.0000000e+00	4.4675381e+01	1.4322947e+01	0.0000000e+00	0.0000000e+00	0.0000000e+00	0.0000000e+00
8.0985947e+00	0.0000000e+00	1.7517537e+02	0.0000000e+00	0.0000000e+00	9.4697176e+00	0.0000000e+00	0.0000000e+00	5.7273544e+00	0.0000000e+00
4.1292825e+00	0.0000000e+00	0.0000000e+00	5.4044471e+01	0.0000000e+00	1.9760681e+00	0.0000000e+00	1.6389343e+00	0.0000000e+00	0.0000000e+00
0.0000000e+00	0.0000000e+00	0.0000000e+00	0.0000000e+00	0.0000000e+00	0.0000000e+00	0.0000000e+00	0.0000000e+00	0.0000000e+00	0.0000000e+00

0.0000000e+00	4.7434658e-01	0.0000000e+00	0.0000000e+00	0.0000000e+00	0.0000000e+00	0.0000000e+00	8.6175864e+00	3.7788957e+00	0.0000000e+00
4.7434658e-01	0.0000000e+00	0.0000000e+00	0.0000000e+00	0.0000000e+00	0.0000000e+00	0.0000000e+00	0.0000000e+00	0.0000000e+00	0.0000000e+00
0.0000000e+00	0.0000000e+00	0.0000000e+00	2.9136811e+01	0.0000000e+00	7.7343779e+00	0.0000000e+00	1.7937461e+02	0.0000000e+00	0.0000000e+00
0.0000000e+00	0.0000000e+00	2.7273082e+01	0.0000000e+00	3.7757844e+01	3.5423327e+01	0.0000000e+00	0.0000000e+00	5.0255752e+01	0.0000000e+00
0.0000000e+00	0.0000000e+00	0.0000000e+00	2.4549262e+01	0.0000000e+00	0.0000000e+00	5.3679639e+01	0.0000000e+00	0.0000000e+00	0.0000000e+00
0.0000000e+00	0.0000000e+00	1.4350858e+01	4.2187651e+01	0.0000000e+00	0.0000000e+00	6.6991117e-01	8.5517899e+00	2.6943305e+00	0.0000000e+00
0.0000000e+00	0.0000000e+00	0.0000000e+00	0.0000000e+00	4.0471056e+01	1.3878494e+01	0.0000000e+00	0.0000000e+00	0.0000000e+00	0.0000000e+00
8.2295941e+00	0.0000000e+00	1.7462186e+02	0.0000000e+00	0.0000000e+00	9.4510404e+00	0.0000000e+00	0.0000000e+00	5.8804122e+00	0.0000000e+00
4.1668880e+00	0.0000000e+00	0.0000000e+00	5.4836282e+01	0.0000000e+00	1.9673004e+00	0.0000000e+00	1.6389198e+00	0.0000000e+00	0.0000000e+00
0.0000000e+00	0.0000000e+00	0.0000000e+00	0.0000000e+00	0.0000000e+00	0.0000000e+00	0.0000000e+00	0.0000000e+00	0.0000000e+00	0.0000000e+00

0.0000000e+00	4.7611775e-01	0.0000000e+00	0.0000000e+00	0.0000000e+00	0.0000000e+00	0.0000000e+00	8.4484515e+00	3.8011282e+00	0.0000000e+00
4.7611775e-01	0.0000000e+00	0.0000000e+00	0.0000000e+00	0.0000000e+00	0.0000000e+00	0.0000000e+00	0.0000000e+00	0.0000000e+00	0.0000000e+00
0.0000000e+00	0.0000000e+00	0.0000000e+00	2.9776642e+01	0.0000000e+00	7.4937283e+00	0.0000000e+00	1.7981318e+02	0.0000000e+00	0.0000000e+00
0.0000000e+00	0.0000000e+00	2.7272966e+01	0.0000000e+00	3.8027248e+01	3.4799992e+01	0.0000000e+00	0.0000000e+00	5.1327740e+01	0.0000000e+00
0.0000000e+00	0.0000000e+00	0.0000000e+00	2.4547377e+01	0.0000000e+00	0.0000000e+00	5.3144613e+01	0.0000000e+00	0.0000000e+00	0.0000000e+00
0.0000000e+00	0.0000000e+00	1.4418006e+01	4.1529097e+01	0.0000000e+00	0.0000000e+00	6.6991071e-01	8.7466918e+00	2.7734259e+00	0.0000000e+00
0.0000000e+00	0.0000000e+00	0.0000000e+00	0.0000000e+00	3.9664741e+01	1.4149782e+01	0.0000000e+00	0.0000000e+00	0.0000000e+00	0.0000000e+00
8.1322272e+00	0.0000000e+00	1.7539258e+02	0.0000000e+00	0.0000000e+00	9.6602186e+00	0.0000000e+00	0.0000000e+00	5.4622062e+00	0.0000000e+00
4.1173526e+00	0.0000000e+00	0.0000000e+00	5.5574830e+01	0.0000000e+00	2.0334095e+00	0.0000000e+00	1.6389073e+00	0.0000000e+00	0.0000000e+00
0.0000000e+00	0.0000000e+00	0.0000000e+00	0.0000000e+00	0.0000000e+00	0.0000000e+00	0.0000000e+00	0.0000000e+00	0.0000000e+00	0.0000000e+00

0.0000000e+00	4.7726068e-01	0.0000000e+00	0.0000000e+00	0.0000000e+00	0.0000000e+00	0.0000000e+00	8.0291648e+00	3.8070203e+00	0.0000000e+00
4.7726068e-01	0.0000000e+00	0.0000000e+00	0.0000000e+00	0.0000000e+00	0.0000000e+00	0.0000000e+00	0.0000000e+00	0.0000000e+00	0.0000000e+00
0.0000000e+00	0.0000000e+00	0.0000000e+00	2.9196380e+01	0.0000000e+00	7.9595628e+00	0.0000000e+00	1.7905051e+02	0.0000000e+00	0.0000000e+00
0.0000000e+00	0.0000000e+00	2.7271938e+01	0.0000000e+00	3.8465761e+01	3.6306193e+01	0.0000000e+00	0.0000000e+00	5.0254804e+01	0.0000000e+00
0.0000000e+00	0.0000000e+00	0.0000000e+00	2.4577708e+01	0.0000000e+00	0.0000000e+00	5.4260083e+01	0.0000000e+00	0.0000000e+00	0.0000000e+00
0.0000000e+00	0.0000000e+00	1.4291075e+01	4.4036182e+01	0.0000000e+00	0.0000000e+00	6.6989133e-01	9.0508751e+00	2.8531738e+00	0.0000000e+00
0.0000000e+00	0.0000000e+00	0.0000000e+00	0.0000000e+00	4.0372030e+01	1.4557944e+01	0.0000000e+00	0.0000000e+00	0.0000000e+00	0.0000000e+00
7.7882923e+00	0.0000000e+00	1.7464344e+02	0.0000000e+00	0.0000000e+00	9.9875791e+00	0.0000000e+00	0.0000000e+00	5.3501285e+00	0.0000000e+00
4.0478927e+00	0.0000000e+00	0.0000000e+00	5.4488426e+01	0.0000000e+00	2.0899179e+00	0.0000000e+00	1.6388899e+00	0.0000000e+00	0.0000000e+00
0.0000000e+00	0.0000000e+00	0.0000000e+00	0.0000000e+00	0.0000000e+00	0.0000000e+00	0.0000000e+00	0.0000000e+00	0.0000000e+00	0.0000000e+00

0.0000000e+00	4.7602747e-01	0.0000000e+00	0.0000000e+00	0.0000000e+00	0.0000000e+00	0.0000000e+00	8.4228731e+00	3.6437131e+00	0.0000000e+00
4.7602747e-01	0.0000000e+00	0.0000000e+00	0.0000000e+00	0.0000000e+00	0.0000000e+00	0.0000000e+00	0.0000000e+00	0.0000000e+00	0.0000000e+00
0.0000000e+00	0.0000000e+00	0.0000000e+00	2.7326791e+01	0.0000000e+00	1.0206192e+01	0.0000000e+00	1.8049770e+02	0.0000000e+00	0.0000000e+00
0.0000000e+00	0.0000000e+00	2.8864552e+01	0.0000000e+00	3.4678770e+01	4.0958469e+01	0.0000000e+00	0.0000000e+00	4.9373423e+01	0.0000000e+00
0.0000000e+00	0.0000000e+00	0.0000000e+00	2.4528033e+01	0.0000000e+00	0.0000000e+00	5.7042844e+01	0.0000000e+00	0.0000000e+00	0.0000000e+00
0.0000000e+00	0.0000000e+00	1.2578767e+01	4.9009555e+01	0.0000000e+00	0.0000000e+00	6.6993875e-01	7.9377163e+00	2.3927251e+00	0.0000000e+00
0.0000000e+00	0.0000000e+00	0.0000000e+00	0.0000000e+00	4.6892106e+01	1.0820676e+01	0.0000000e+00	0.0000000e+00	0.0000000e+00	0.0000000e+00
7.9311939e+00	0.0000000e+00	1.7658736e+02	0.0000000e+00	0.0000000e+00	8.7053183e+00	0.0000000e+00	0.0000000e+00	5.2732968e+00	0.0000000e+00
4.1353923e+00	0.0000000e+00	0.0000000e+00	5.3010835e+01	0.0000000e+00	1.8980464e+00	0.0000000e+00	1.6388843e+00	0.0000000e+00	0.0000000e+00
0.0000000e+00	0.0000000e+00	0.0000000e+00	0.0000000e+00	0.0000000e+00	0.0000000e+00	0.0000000e+00	0.0000000e+00	0.0000000e+00	0.0000000e+00

0.0000000e+00	4.7517843e-01	0.0000000e+00	0.0000000e+00	0.0000000e+00	0.0000000e+00	0.0000000e+00	8.3940316e+00	3.6765300e+00	0.0000000e+00
4.7517843e-01	0.0000000e+00	0.0000000e+00	0.0000000e+00	0.0000000e+00	0.0000000e+00	0.0000000e+00	0.0000000e+00	0.0000000e+00	0.0000000e+00
0.0000000e+00	0.0000000e+00	0.0000000e+00	2.8598125e+01	0.0000000e+00	8.1934072e+00	0.0000000e+00	1.7514710e+02	0.0000000e+00	0.0000000e+00
0.0000000e+00	0.0000000e+00	2.7270967e+01	0.0000000e+00	3.6525954e+01	3.5894037e+01	0.0000000e+00	0.0000000e+00	4.8766804e+01	0.0000000e+00
0.0000000e+00	0.0000000e+00	0.0000000e+00	2.4542580e+01	0.0000000e+00	0.0000000e+00	4.9603745e+01	0.0000000e+00	0.0000000e+00	0.0000000e+00
0.0000000e+00	0.0000000e+00	1.3978664e+01	4.2282522e+01	0.0000000e+00	0.0000000e+00	6.6991510e-01	8.1846167e+00	2.5348167e+00	0.0000000e+00
0.0000000e+00	0.0000000e+00	0.0000000e+00	0.0000000e+00	3.7620371e+01	1.2653289e+01	0.0000000e+00	0.0000000e+00	0.0000000e+00	0.0000000e+00
8.0378734e+00	0.0000000e+00	1.7068900e+02	0.0000000e+00	0.0000000e+00	9.0181616e+00	0.0000000e+00	0.0000000e+00	5.6196372e+00	0.0000000e+00
4.0326882e+00	0.0000000e+00	0.0000000e+00	5.3034534e+01	0.0000000e+00	1.8916402e+00	0.0000000e+00	1.6389257e+00	0.0000000e+00	0.0000000e+00
0.0000000e+00	0.0000000e+00	0.0000000e+00	0.0000000e+00	0.0000000e+00	0.0000000e+00	0.0000000e+00	0.0000000e+00	0.0000000e+00	0.0000000e+00

0.0000000e+00	4.7841234e-01	0.0000000e+00	0.0000000e+00	0.0000000e+00	0.0000000e+00	0.0000000e+00	7.5930775e+00	3.7848027e+00	0.0000000e+00
4.7841234e-01	0.0000000e+00	0.0000000e+00	0.0000000e+00	0.0000000e+00	0.0000000e+00	0.0000000e+00	0.0000000e+00	0.0000000e+00	0.0000000e+00
0.0000000e+00	0.0000000e+00	0.0000000e+00	2.8040426e+01	0.0000000e+00	8.1856070e+00	0.0000000e+00	1.7489283e+02	0.0000000e+00	0.0000000e+00
0.0000000e+00	0.0000000e+00	2.7269572e+01	0.0000000e+00	3.6462666e+01	3.5641218e+01	0.0000000e+00	0.0000000e+00	5.0770635e+01	0.0000000e+00
0.0000000e+00	0.0000000e+00	0.0000000e+00	2.4560474e+01	0.0000000e+00	0.0000000e+00	5.0773422e+01	0.0000000e+00	0.0000000e+00	0.0000000e+00
0.0000000e+00	0.0000000e+00	1.3689968e+01	4.2230524e+01	0.0000000e+00	0.0000000e+00	6.6990560e-01	9.2784589e+00	3.0573711e+00	0.0000000e+00
0.0000000e+00	0.0000000e+00	0.0000000e+00	0.0000000e+00	3.8871230e+01	1.2572098e+01	0.0000000e+00	0.0000000e+00	0.0000000e+00	0.0000000e+00
7.5807965e+00	0.0000000e+00	1.7015932e+02	0.0000000e+00	0.0000000e+00	1.0307661e+01	0.0000000e+00	0.0000000e+00	5.3554250e+00	0.0000000e+00
3.7970837e+00	0.0000000e+00	0.0000000e+00	5.5312668e+01	0.0000000e+00	2.2196434e+00	0.0000000e+00	1.6388391e+00	0.0000000e+00	0.0000000e+00
0.0000000e+00	0.0000000e+00	0.0000000e+00	0.0000000e+00	0.0000000e+00	0.0000000e+00	0.0000000e+00	0.0000000e+00	0.0000000e+00	0.0000000e+00

0.0000000e+00	4.8282913e-01	0.0000000e+00	0.0000000e+00	0.0000000e+00	0.0000000e+00	0.0000000e+00	8.0172088e+00	3.6971497e+00	0.0000000e+00
4.8282913e-01	0.0000000e+00	0.0000000e+00	0.0000000e+00	0.0000000e+00	0.0000000e+00	0.0000000e+00	0.0000000e+00	0.0000000e+00	0.0000000e+00
0.0000000e+00	0.0000000e+00	0.0000000e+00	2.7334514e+01	0.0000000e+00	8.9294064e+00	0.0000000e+00	1.7065983e+02	0.0000000e+00	0.0000000e+00
0.0000000e+00	0.0000000e+00	2.7715673e+01	0.0000000e+00	3.7807746e+01	3.7551080e+01	0.0000000e+00	0.0000000e+00	4.5482891e+01	0.0000000e+00
0.0000000e+00	0.0000000e+00	0.0000000e+00	2.4531371e+01	0.0000000e+00	0.0000000e+00	5.0813640e+01	0.0000000e+00	0.0000000e+00	0.0000000e+00
0.0000000e+00	0.0000000e+00	1.4691911e+01	4.5200281e+01	0.0000000e+00	0.0000000e+00	6.6991818e-01	9.0510087e+00	2.7188902e+00	0.0000000e+00
0.0000000e+00	0.0000000e+00	0.0000000e+00	0.0000000e+00	3.7537266e+01	1.3946293e+01	0.0000000e+00	0.0000000e+00	0.0000000e+00	0.0000000e+00
8.1319804e+00	0.0000000e+00	1.6451617e+02	0.0000000e+00	0.0000000e+00	9.6955466e+00	0.0000000e+00	0.0000000e+00	7.0233601e+00	0.0000000e+00
3.5823782e+00	0.0000000e+00	0.0000000e+00	5.1491224e+01	0.0000000e+00	2.2096835e+00	0.0000000e+00	1.6390059e+00	0.0000000e+00	0.0000000e+00
0.0000000e+00	0.0000000e+00	0.0000000e+00	0.0000000e+00	0.0000000e+00	0.0000000e+00	0.0000000e+00	0.0000000e+00	0.0000000e+00	0.0000000e+00

0.0000000e+00	4.8302441e-01	0.0000000e+00	0.0000000e+00	0.0000000e+00	0.0000000e+00	0.0000000e+00	7.3817692e+00	3.6552136e+00	0.0000000e+00
4.8302441e-01	0.0000000e+00	0.0000000e+00	0.0000000e+00	0.0000000e+00	0.0000000e+00	0.0000000e+00	0.0000000e+00	0.0000000e+00	0.0000000e+00
0.0000000e+00	0.0000000e+00	0.0000000e+00	2.7333795e+01	0.0000000e+00	9.2626624e+00	0.0000000e+00	1.6983827e+02	0.0000000e+00	0.0000000e+00
0.0000000e+00	0.0000000e+00	2.8479470e+01	0.0000000e+00	3.6662151e+01	3.7795850e+01	0.0000000e+00	0.0000000e+00	4.4975661e+01	0.0000000e+00
0.0000000e+00	0.0000000e+00	0.0000000e+00	2.4520148e+01	0.0000000e+00	0.0000000e+00	5.1871102e+01	0.0000000e+00	0.0000000e+00	0.0000000e+00
0.0000000e+00	0.0000000e+00	1.4077231e+01	4.5315672e+01	0.0000000e+00	0.0000000e+00	6.6992986e-01	8.8523690e+00	2.5897174e+00	0.0000000e+00
0.0000000e+00	0.0000000e+00	0.0000000e+00	0.0000000e+00	3.9729099e+01	1.2811933e+01	0.0000000e+00	0.0000000e+00	0.0000000e+00	0.0000000e+00
7.4160048e+00	0.0000000e+00	1.6387803e+02	0.0000000e+00	0.0000000e+00	9.4796097e+00	0.0000000e+00	0.0000000e+00	6.9377779e+00	0.0000000e+00
3.6209780e+00	0.0000000e+00	0.0000000e+00	5.0743517e+01	0.0000000e+00	2.1548636e+00	0.0000000e+00	1.6390109e+00	0.0000000e+00	0.0000000e+00
0.0000000e+00	0.0000000e+00	0.0000000e+00	0.0000000e+00	0.0000000e+00	0.0000000e+00	0.0000000e+00	0.0000000e+00	0.0000000e+00	0.0000000e+00

0.0000000e+00	4.8373389e-01	0.0000000e+00	0.0000000e+00	0.0000000e+00	0.0000000e+00	0.0000000e+00	8.0368881e+00	3.8169211e+00	0.0000000e+00
4.8373389e-01	0.0000000e+00	0.0000000e+00	0.0000000e+00	0.0000000e+00	0.0000000e+00	0.0000000e+00	0.0000000e+00	0.0000000e+00	0.0000000e+00
0.0000000e+00	0.0000000e+00	0.0000000e+00	2.7334130e+01	0.0000000e+00	1.0050284e+01	0.0000000e+00	1.7083280e+02	0.0000000e+00	0.0000000e+00
0.0000000e+00	0.0000000e+00	3.0485258e+01	0.0000000e+00	3.4929812e+01	4.0470214e+01	0.0000000e+00	0.0000000e+00	4.5551849e+01	0.0000000e+00
0.0000000e+00	0.0000000e+00	0.0000000e+00	2.4482890e+01	0.0000000e+00	0.0000000e+00	4.6453077e+01	0.0000000e+00	0.0000000e+00	0.0000000e+00
0.0000000e+00	0.0000000e+00	1.3238441e+01	4.7912674e+01	0.0000000e+00	0.0000000e+00	6.6995377e-01	9.2358367e+00	2.7480657e+00	0.0000000e+00
0.0000000e+00	0.0000000e+00	0.0000000e+00	0.0000000e+00	3.6006154e+01	1.1116876e+01	0.0000000e+00	0.0000000e+00	0.0000000e+00	0.0000000e+00
8.1335536e+00	0.0000000e+00	1.6449351e+02	0.0000000e+00	0.0000000e+00	9.9348826e+00	0.0000000e+00	0.0000000e+00	7.1825600e+00	0.0000000e+00
3.7202557e+00	0.0000000e+00	0.0000000e+00	5.1707440e+01	0.0000000e+00	2.2327132e+00	0.0000000e+00	1.6389869e+00	0.0000000e+00	0.0000000e+00
0.0000000e+00	0.0000000e+00	0.0000000e+00	0.0000000e+00	0.0000000e+00	0.0000000e+00	0.0000000e+00	0.0000000e+00	0.0000000e+00	0.0000000e+00

0.0000000e+00	4.8487036e-01	0.0000000e+00	0.0000000e+00	0.0000000e+00	0.0000000e+00	0.0000000e+00	8.6949751e+00	3.6831337e+00	0.0000000e+00
4.8487036e-01	0.0000000e+00	0.0000000e+00	0.0000000e+00	0.0000000e+00	0.0000000e+00	0.0000000e+00	0.0000000e+00	0.0000000e+00	0.0000000e+00
0.0000000e+00	0.0000000e+00	0.0000000e+00	2.7337232e+01	0.0000000e+00	8.8813422e+00	0.0000000e+00	1.7060473e+02	0.0000000e+00	0.0000000e+00
0.0000000e+00	0.0000000e+00	2.9088477e+01	0.0000000e+00	3.6144523e+01	3.7312575e+01	0.0000000e+00	0.0000000e+00	4.5478803e+01	0.0000000e+00
0.0000000e+00	0.0000000e+00	0.0000000e+00	2.4511166e+01	0.0000000e+00	0.0000000e+00	4.4641117e+01	0.0000000e+00	0.0000000e+00	0.0000000e+00
0.0000000e+00	0.0000000e+00	1.3357128e+01	4.4577993e+01	0.0000000e+00	0.0000000e+00	6.6992695e-01	9.3142099e+00	2.9382350e+00	0.0000000e+00
0.0000000e+00	0.0000000e+00	0.0000000e+00	0.0000000e+00	3.3007759e+01	1.2303284e+01	0.0000000e+00	0.0000000e+00	0.0000000e+00	0.0000000e+00
8.7750159e+00	0.0000000e+00	1.6437770e+02	0.0000000e+00	0.0000000e+00	1.0120221e+01	0.0000000e+00	0.0000000e+00	6.9799463e+00	0.0000000e+00
3.6030929e+00	0.0000000e+00	0.0000000e+00	5.1597987e+01	0.0000000e+00	2.2400706e+00	0.0000000e+00	1.6389674e+00	0.0000000e+00	0.0000000e+00
0.0000000e+00	0.0000000e+00	0.0000000e+00	0.0000000e+00	0.0000000e+00	0.0000000e+00	0.0000000e+00	0.0000000e+00	0.0000000e+00	0.0000000e+00

0.0000000e+00	4.8422542e-01	0.0000000e+00	0.0000000e+00	0.0000000e+00	0.0000000e+00	0.0000000e+00	8.2870313e+00	3.7558083e+00	0.0000000e+00
4.8422542e-01	0.0000000e+00	0.0000000e+00	0.0000000e+00	0.0000000e+00	0.0000000e+00	0.0000000e+00	0.0000000e+00	0.0000000e+00	0.0000000e+00
0.0000000e+00	0.0000000e+00	0.0000000e+00	2.7335773e+01	0.0000000e+00	9.0446060e+00	0.0000000e+00	1.7036210e+02	0.0000000e+00	0.0000000e+00
0.0000000e+00	0.0000000e+00	2.7827377e+01	0.0000000e+00	3.7776516e+01	3.7936340e+01	0.0000000e+00	0.0000000e+00	4.5868407e+01	0.0000000e+00
0.0000000e+00	0.0000000e+00	0.0000000e+00	2.4533683e+01	0.0000000e+00	0.0000000e+00	4.7276947e+01	0.0000000e+00	0.0000000e+00	0.0000000e+00
0.0000000e+00	0.0000000e+00	1.3955801e+01	4.6446105e+01	0.0000000e+00	0.0000000e+00	6.6991243e-01	9.0972225e+00	2.7170527e+00	0.0000000e+00
0.0000000e+00	0.0000000e+00	0.0000000e+00	0.0000000e+00	3.4034114e+01	1.3912745e+01	0.0000000e+00	0.0000000e+00	0.0000000e+00	0.0000000e+00
8.3697383e+00	0.0000000e+00	1.6495931e+02	0.0000000e+00	0.0000000e+00	9.8021591e+00	0.0000000e+00	0.0000000e+00	6.2541499e+00	0.0000000e+00
3.6731013e+00	0.0000000e+00	0.0000000e+00	5.1093078e+01	0.0000000e+00	2.1902444e+00	0.0000000e+00	1.6389940e+00	0.0000000e+00	0.0000000e+00
0.0000000e+00	0.0000000e+00	0.0000000e+00	0.0000000e+00	0.0000000e+00	0.0000000e+00	0.0000000e+00	0.0000000e+00	0.0000000e+00	0.0000000e+00

0.0000000e+00	4.8460239e-01	0.0000000e+00	0.0000000e+00	0.0000000e+00	0.0000000e+00	0.0000000e+00	7.0333147e+00	3.4513610e+00	0.0000000e+00
4.8460239e-01	0.0000000e+00	0.0000000e+00	0.0000000e+00	0.0000000e+00	0.0000000e+00	0.0000000e+00	0.0000000e+00	0.0000000e+00	0.0000000e+00
0.0000000e+00	0.0000000e+00	0.0000000e+00	2.7334318e+01	0.0000000e+00	9.9356846e+00	0.0000000e+00	1.6685512e+02	0.0000000e+00	0.0000000e+00
0.0000000e+00	0.0000000e+00	3.0168011e+01	0.0000000e+00	3.4555526e+01	3.5601857e+01	0.0000000e+00	0.0000000e+00	4.5135977e+01	0.0000000e+00
0.0000000e+00	0.0000000e+00	0.0000000e+00	2.4486338e+01	0.0000000e+00	0.0000000e+00	4.5893210e+01	0.0000000e+00	0.0000000e+00	0.0000000e+00
0.0000000e+00	0.0000000e+00	1.1826241e+01	4.4051792e+01	0.0000000e+00	0.0000000e+00	6.6994989e-01	8.5400465e+00	2.3100873e+00	0.0000000e+00
0.0000000e+00	0.0000000e+00	0.0000000e+00	0.0000000e+00	3.5824022e+01	1.0739138e+01	0.0000000e+00	0.0000000e+00	0.0000000e+00	0.0000000e+00
6.9338189e+00	0.0000000e+00	1.6213087e+02	0.0000000e+00	0.0000000e+00	8.9506513e+00	0.0000000e+00	0.0000000e+00	6.0521492e+00	0.0000000e+00
3.5508569e+00	0.0000000e+00	0.0000000e+00	4.9588922e+01	0.0000000e+00	2.1707864e+00	0.0000000e+00	1.6390087e+00	0.0000000e+00	0.0000000e+00
0.0000000e+00	0.0000000e+00	0.0000000e+00	0.0000000e+00	0.0000000e+00	0.0000000e+00	0.0000000e+00	0.0000000e+00	0.0000000e+00	0.0000000e+00

0.0000000e+00	4.8240986e-01	0.0000000e+00	0.0000000e+00	0.0000000e+00	0.0000000e+00	0.0000000e+00	8.9717795e+00	3.9803301e+00	0.0000000e+00
4.8240986e-01	0.0000000e+00	0.0000000e+00	0.0000000e+00	0.0000000e+00	0.0000000e+00	0.0000000e+00	0.0000000e+00	0.0000000e+00	0.0000000e+00
0.0000000e+00	0.0000000e+00	0.0000000e+00	2.7335737e+01	0.0000000e+00	8.8245751e+00	0.0000000e+00	1.6620802e+02	0.0000000e+00	0.0000000e+00
0.0000000e+00	0.0000000e+00	2.9600465e+01	0.0000000e+00	3.6599455e+01	3.4821474e+01	0.0000000e+00	0.0000000e+00	4.4392556e+01	0.0000000e+00
0.0000000e+00	0.0000000e+00	0.0000000e+00	2.4496248e+01	0.0000000e+00	0.0000000e+00	4.2993662e+01	0.0000000e+00	0.0000000e+00	0.0000000e+00
0.0000000e+00	0.0000000e+00	1.2601561e+01	4.3356065e+01	0.0000000e+00	0.0000000e+00	6.6993032e-01	8.2712605e+00	2.3431165e+00	0.0000000e+00
0.0000000e+00	0.0000000e+00	0.0000000e+00	0.0000000e+00	3.0890455e+01	1.2773137e+01	0.0000000e+00	0.0000000e+00	0.0000000e+00	0.0000000e+00
9.0331366e+00	0.0000000e+00	1.6016631e+02	0.0000000e+00	0.0000000e+00	8.8109612e+00	0.0000000e+00	0.0000000e+00	7.0797144e+00	0.0000000e+00
3.9189730e+00	0.0000000e+00	0.0000000e+00	5.0225900e+01	0.0000000e+00	2.0117849e+00	0.0000000e+00	1.6390588e+00	0.0000000e+00	0.0000000e+00
0.0000000e+00	0.0000000e+00	0.0000000e+00	0.0000000e+00	0.0000000e+00	0.0000000e+00	0.0000000e+00	0.0000000e+00	0.0000000e+00	0.0000000e+00

0.0000000e+00	4.8538252e-01	0.0000000e+00	0.0000000e+00	0.0000000e+00	0.0000000e+00	0.0000000e+00	9.2525951e+00	4.0137152e+00	0.0000000e+00
4.8538252e-01	0.0000000e+00	0.0000000e+00	0.0000000e+00	0.0000000e+00	0.0000000e+00	0.0000000e+00	0.0000000e+00	0.0000000e+00	0.0000000e+00
0.0000000e+00	0.0000000e+00	0.0000000e+00	2.7337698e+01	0.0000000e+00	8.4443161e+00	0.0000000e+00	1.6698747e+02	0.0000000e+00	0.0000000e+00
0.0000000e+00	0.0000000e+00	2.8587110e+01	0.0000000e+00	3.7623904e+01	3.5116880e+01	0.0000000e+00	0.0000000e+00	4.4742882e+01	0.0000000e+00
0.0000000e+00	0.0000000e+00	0.0000000e+00	2.4541519e+01	0.0000000e+00	0.0000000e+00	4.5535506e+01	0.0000000e+00	0.0000000e+00	0.0000000e+00
0.0000000e+00	0.0000000e+00	1.3530455e+01	4.3203460e+01	0.0000000e+00	0.0000000e+00	6.6990362e-01	9.5508552e+00	2.9902037e+00	0.0000000e+00
0.0000000e+00	0.0000000e+00	0.0000000e+00	0.0000000e+00	3.2453122e+01	1.3752288e+01	0.0000000e+00	0.0000000e+00	0.0000000e+00	0.0000000e+00
9.2409597e+00	0.0000000e+00	1.6065192e+02	0.0000000e+00	0.0000000e+00	1.0341193e+01	0.0000000e+00	0.0000000e+00	7.1958277e+00	0.0000000e+00
4.0253506e+00	0.0000000e+00	0.0000000e+00	5.0988100e+01	0.0000000e+00	2.2901999e+00	0.0000000e+00	1.6389788e+00	0.0000000e+00	0.0000000e+00
0.0000000e+00	0.0000000e+00	0.0000000e+00	0.0000000e+00	0.0000000e+00	0.0000000e+00	0.0000000e+00	0.0000000e+00	0.0000000e+00	0.0000000e+00

0.0000000e+00	4.8608347e-01	0.0000000e+00	0.0000000e+00	0.0000000e+00	0.0000000e+00	0.0000000e+00	7.5281514e+00	3.5640073e+00	0.0000000e+00
4.8608347e-01	0.0000000e+00	0.0000000e+00	0.0000000e+00	0.0000000e+00	0.0000000e+00	0.0000000e+00	0.0000000e+00	0.0000000e+00	0.0000000e+00
0.0000000e+00	0.0000000e+00	0.0000000e+00	2.9841936e+01	0.0000000e+00	1.0654098e+01	0.0000000e+00	1.7738811e+02	0.0000000e+00	0.0000000e+00
0.0000000e+00	0.0000000e+00	2.7267628e+01	0.0000000e+00	4.1237502e+01	4.1531110e+01	0.0000000e+00	0.0000000e+00	4.8385726e+01	0.0000000e+00
0.0000000e+00	0.0000000e+00	0.0000000e+00	2.4582284e+01	0.0000000e+00	0.0000000e+00	5.4188293e+01	0.0000000e+00	0.0000000e+00	0.0000000e+00
0.0000000e+00	0.0000000e+00	1.8467854e+01	5.0563708e+01	0.0000000e+00	0.0000000e+00	6.6987781e-01	1.0274937e+01	3.1881609e+00	0.0000000e+00
0.0000000e+00	0.0000000e+00	0.0000000e+00	0.0000000e+00	3.7533075e+01	1.7325096e+01	0.0000000e+00	0.0000000e+00	0.0000000e+00	0.0000000e+00
7.5895979e+00	0.0000000e+00	1.7214867e+02	0.0000000e+00	0.0000000e+00	1.1135971e+01	0.0000000e+00	0.0000000e+00	5.9559334e+00	0.0000000e+00
3.5025608e+00	0.0000000e+00	0.0000000e+00	5.3434038e+01	0.0000000e+00	2.5182625e+00	0.0000000e+00	1.6389670e+00	0.0000000e+00	0.0000000e+00
0.0000000e+00	0.0000000e+00	0.0000000e+00	0.0000000e+00	0.0000000e+00	0.0000000e+00	0.0000000e+00	0.0000000e+00	0.0000000e+00	0.0000000e+00

0.0000000e+00	4.8544671e-01	0.0000000e+00	0.0000000e+00	0.0000000e+00	0.0000000e+00	0.0000000e+00	7.4993410e+00	3.6381179e+00	0.0000000e+00
4.8544671e-01	0.0000000e+00	0.0000000e+00	0.0000000e+00	0.0000000e+00	0.0000000e+00	0.0000000e+00	0.0000000e+00	0.0000000e+00	0.0000000e+00
0.0000000e+00	0.0000000e+00	0.0000000e+00	2.7680246e+01	0.0000000e+00	1.0102171e+01	0.0000000e+00	1.7715843e+02	0.0000000e+00	0.0000000e+00
0.0000000e+00	0.0000000e+00	2.7262390e+01	0.0000000e+00	3.7036616e+01	4.1573167e+01	0.0000000e+00	0.0000000e+00	4.7564332e+01	0.0000000e+00
0.0000000e+00	0.0000000e+00	0.0000000e+00	2.4509410e+01	0.0000000e+00	0.0000000e+00	5.3018826e+01	0.0000000e+00	0.0000000e+00	0.0000000e+00
0.0000000e+00	0.0000000e+00	1.6287939e+01	4.8136695e+01	0.0000000e+00	0.0000000e+00	6.6993721e-01	9.7510540e+00	2.9638791e+00	0.0000000e+00
0.0000000e+00	0.0000000e+00	0.0000000e+00	0.0000000e+00	4.0491620e+01	1.3197144e+01	0.0000000e+00	0.0000000e+00	0.0000000e+00	0.0000000e+00
7.5218852e+00	0.0000000e+00	1.7139052e+02	0.0000000e+00	0.0000000e+00	1.0554216e+01	0.0000000e+00	0.0000000e+00	6.5811710e+00	0.0000000e+00
3.6155737e+00	0.0000000e+00	0.0000000e+00	5.3110155e+01	0.0000000e+00	2.3828057e+00	0.0000000e+00	1.6389659e+00	0.0000000e+00	0.0000000e+00
0.0000000e+00	0.0000000e+00	0.0000000e+00	0.0000000e+00	0.0000000e+00	0.0000000e+00	0.0000000e+00	0.0000000e+00	0.0000000e+00	0.0000000e+00

0.0000000e+00	4.8573468e-01	0.0000000e+00	0.0000000e+00	0.0000000e+00	0.0000000e+00	0.0000000e+00	7.8149246e+00	3.6452157e+00	0.0000000e+00
4.8573468e-01	0.0000000e+00	0.0000000e+00	0.0000000e+00	0.0000000e+00	0.0000000e+00	0.0000000e+00	0.0000000e+00	0.0000000e+00	0.0000000e+00
0.0000000e+00	0.0000000e+00	0.0000000e+00	2.8910368e+01	0.0000000e+00	1.0185715e+01	0.0000000e+00	1.7570290e+02	0.0000000e+00	0.0000000e+00
0.0000000e+00	0.0000000e+00	2.7264625e+01	0.0000000e+00	3.9393201e+01	4.1242586e+01	0.0000000e+00	0.0000000e+00	4.7279624e+01	0.0000000e+00
0.0000000e+00	0.0000000e+00	0.0000000e+00	2.4549321e+01	0.0000000e+00	0.0000000e+00	5.3163697e+01	0.0000000e+00	0.0000000e+00	0.0000000e+00
0.0000000e+00	0.0000000e+00	1.7580135e+01	4.8902530e+01	0.0000000e+00	0.0000000e+00	6.6990347e-01	9.9122110e+00	3.0059327e+00	0.0000000e+00
0.0000000e+00	0.0000000e+00	0.0000000e+00	0.0000000e+00	3.8319817e+01	1.5513784e+01	0.0000000e+00	0.0000000e+00	0.0000000e+00	0.0000000e+00
7.9122491e+00	0.0000000e+00	1.6995422e+02	0.0000000e+00	0.0000000e+00	1.0746455e+01	0.0000000e+00	0.0000000e+00	6.4560955e+00	0.0000000e+00
3.5478912e+00	0.0000000e+00	0.0000000e+00	5.2817818e+01	0.0000000e+00	2.3821738e+00	0.0000000e+00	1.6389857e+00	0.0000000e+00	0.0000000e+00
0.0000000e+00	0.0000000e+00	0.0000000e+00	0.0000000e+00	0.0000000e+00	0.0000000e+00	0.0000000e+00	0.0000000e+00	0.0000000e+00	0.0000000e+00

0.0000000e+00	4.8712425e-01	0.0000000e+00	0.0000000e+00	0.0000000e+00	0.0000000e+00	0.0000000e+00	9.5098219e+00	4.0331466e+00	0.0000000e+00
4.8712425e-01	0.0000000e+00	0.0000000e+00	0.0000000e+00	0.0000000e+00	0.0000000e+00	0.0000000e+00	0.0000000e+00	0.0000000e+00	0.0000000e+00
0.0000000e+00	0.0000000e+00	0.0000000e+00	2.9846240e+01	0.0000000e+00	1.0259889e+01	0.0000000e+00	1.7566907e+02	0.0000000e+00	0.0000000e+00
0.0000000e+00	0.0000000e+00	2.7264634e+01	0.0000000e+00	4.1699168e+01	4.1556820e+01	0.0000000e+00	0.0000000e+00	4.7436983e+01	0.0000000e+00
0.0000000e+00	0.0000000e+00	0.0000000e+00	2.4588880e+01	0.0000000e+00	0.0000000e+00	5.7537621e+01	0.0000000e+00	0.0000000e+00	0.0000000e+00
0.0000000e+00	0.0000000e+00	1.8369595e+01	5.0738530e+01	0.0000000e+00	0.0000000e+00	6.6987642e-01	1.0347751e+01	3.1567467e+00	0.0000000e+00
0.0000000e+00	0.0000000e+00	0.0000000e+00	0.0000000e+00	4.0427333e+01	1.7780165e+01	0.0000000e+00	0.0000000e+00	0.0000000e+00	0.0000000e+00
9.5957917e+00	0.0000000e+00	1.7014097e+02	0.0000000e+00	0.0000000e+00	1.1180995e+01	0.0000000e+00	0.0000000e+00	6.2478609e+00	0.0000000e+00
3.9471767e+00	0.0000000e+00	0.0000000e+00	5.2783955e+01	0.0000000e+00	2.5046303e+00	0.0000000e+00	1.6389753e+00	0.0000000e+00	0.0000000e+00
0.0000000e+00	0.0000000e+00	0.0000000e+00	0.0000000e+00	0.0000000e+00	0.0000000e+00	0.0000000e+00	0.0000000e+00	0.0000000e+00	0.0000000e+00

0.0000000e+00	4.8802422e-01	0.0000000e+00	0.0000000e+00	0.0000000e+00	0.0000000e+00	0.0000000e+00	7.9293022e+00	3.7075035e+00	0.0000000e+00
4.8802422e-01	0.0000000e+00	0.0000000e+00	0.0000000e+00	0.0000000e+00	0.0000000e+00	0.0000000e+00	0.0000000e+00	0.0000000e+00	0.0000000e+00
0.0000000e+00	0.0000000e+00	0.0000000e+00	2.7336434e+01	0.0000000e+00	1.1135077e+01	0.0000000e+00	1.7659730e+02	0.0000000e+00	0.0000000e+00
0.0000000e+00	0.0000000e+00	2.7313527e+01	0.0000000e+00	3.7373437e+01	4.3424697e+01	0.0000000e+00	0.0000000e+00	4.8017628e+01	0.0000000e+00
0.0000000e+00	0.0000000e+00	0.0000000e+00	2.4525602e+01	0.0000000e+00	0.0000000e+00	4.9395045e+01	0.0000000e+00	0.0000000e+00	0.0000000e+00
0.0000000e+00	0.0000000e+00	1.6178432e+01	5.1524458e+01	0.0000000e+00	0.0000000e+00	6.6992076e-01	1.0207068e+01	3.0691751e+00	0.0000000e+00
0.0000000e+00	0.0000000e+00	0.0000000e+00	0.0000000e+00	3.6547209e+01	1.3517756e+01	0.0000000e+00	0.0000000e+00	0.0000000e+00	0.0000000e+00
8.0060006e+00	0.0000000e+00	1.7157685e+02	0.0000000e+00	0.0000000e+00	1.0981028e+01	0.0000000e+00	0.0000000e+00	5.8087229e+00	0.0000000e+00
3.6308051e+00	0.0000000e+00	0.0000000e+00	5.2742795e+01	0.0000000e+00	2.5904951e+00	0.0000000e+00	1.6389339e+00	0.0000000e+00	0.0000000e+00
0.0000000e+00	0.0000000e+00	0.0000000e+00	0.0000000e+00	0.0000000e+00	0.0000000e+00	0.0000000e+00	0.0000000e+00	0.0000000e+00	0.0000000e+00

0.0000000e+00	4.8609779e-01	0.0000000e+00	0.0000000e+00	0.0000000e+00	0.0000000e+00	0.0000000e+00	7.6393327e+00	3.7103714e+00	0.0000000e+00
4.8609779e-01	0.0000000e+00	0.0000000e+00	0.0000000e+00	0.0000000e+00	0.0000000e+00	0.0000000e+00	0.0000000e+00	0.0000000e+00	0.0000000e+00
0.0000000e+00	0.0000000e+00	0.0000000e+00	2.7335004e+01	0.0000000e+00	1.0551946e+01	0.0000000e+00	1.7703812e+02	0.0000000e+00	0.0000000e+00
0.0000000e+00	0.0000000e+00	2.8362792e+01	0.0000000e+00	3.6508053e+01	3.9210491e+01	0.0000000e+00	0.0000000e+00	4.7670972e+01	0.0000000e+00
0.0000000e+00	0.0000000e+00	0.0000000e+00	2.4500932e+01	0.0000000e+00	0.0000000e+00	4.8790318e+01	0.0000000e+00	0.0000000e+00	0.0000000e+00
0.0000000e+00	0.0000000e+00	1.4725163e+01	4.7376293e+01	0.0000000e+00	0.0000000e+00	6.6993609e-01	9.3587003e+00	2.6465509e+00	0.0000000e+00
0.0000000e+00	0.0000000e+00	0.0000000e+00	0.0000000e+00	3.6783197e+01	1.2677056e+01	0.0000000e+00	0.0000000e+00	0.0000000e+00	0.0000000e+00
7.6198857e+00	0.0000000e+00	1.7183711e+02	0.0000000e+00	0.0000000e+00	9.9473296e+00	0.0000000e+00	0.0000000e+00	6.2707860e+00	0.0000000e+00
3.7298184e+00	0.0000000e+00	0.0000000e+00	5.2540077e+01	0.0000000e+00	2.3898203e+00	0.0000000e+00	1.6389638e+00	0.0000000e+00	0.0000000e+00
0.0000000e+00	0.0000000e+00	0.0000000e+00	0.0000000e+00	0.0000000e+00	0.0000000e+00	0.0000000e+00	0.0000000e+00	0.0000000e+00	0.0000000e+00

0.0000000e+00	4.8679562e-01	0.0000000e+00	0.0000000e+00	0.0000000e+00	0.0000000e+00	0.0000000e+00	9.2338716e+00	4.0295427e+00	0.0000000e+00
4.8679562e-01	0.0000000e+00	0.0000000e+00	0.0000000e+00	0.0000000e+00	0.0000000e+00	0.0000000e+00	0.0000000e+00	0.0000000e+00	0.0000000e+00
0.0000000e+00	0.0000000e+00	0.0000000e+00	2.7336884e+01	0.0000000e+00	1.1357442e+01	0.0000000e+00	1.7263691e+02	0.0000000e+00	0.0000000e+00
0.0000000e+00	0.0000000e+00	3.0220814e+01	0.0000000e+00	3.5706159e+01	4.3700466e+01	0.0000000e+00	0.0000000e+00	4.6113654e+01	0.0000000e+00
0.0000000e+00	0.0000000e+00	0.0000000e+00	2.4463079e+01	0.0000000e+00	0.0000000e+00	5.2364093e+01	0.0000000e+00	0.0000000e+00	0.0000000e+00
0.0000000e+00	0.0000000e+00	1.4285127e+01	5.2275380e+01	0.0000000e+00	0.0000000e+00	6.6997211e-01	9.6834482e+00	2.7457717e+00	0.0000000e+00
0.0000000e+00	0.0000000e+00	0.0000000e+00	0.0000000e+00	4.1121013e+01	1.1913052e+01	0.0000000e+00	0.0000000e+00	0.0000000e+00	0.0000000e+00
9.3939004e+00	0.0000000e+00	1.6682530e+02	0.0000000e+00	0.0000000e+00	1.0329871e+01	0.0000000e+00	0.0000000e+00	6.6441890e+00	0.0000000e+00
3.8695139e+00	0.0000000e+00	0.0000000e+00	5.1665751e+01	0.0000000e+00	2.3588675e+00	0.0000000e+00	1.6390253e+00	0.0000000e+00	0.0000000e+00
0.0000000e+00	0.0000000e+00	0.0000000e+00	0.0000000e+00	0.0000000e+00	0.0000000e+00	0.0000000e+00	0.0000000e+00	0.0000000e+00	0.0000000e+00

0.0000000e+00	4.8951201e-01	0.0000000e+00	0.0000000e+00	0.0000000e+00	0.0000000e+00	0.0000000e+00	9.4939918e+00	3.9962824e+00	0.0000000e+00
4.8951201e-01	0.0000000e+00	0.0000000e+00	0.0000000e+00	0.0000000e+00	0.0000000e+00	0.0000000e+00	0.0000000e+00	0.0000000e+00	0.0000000e+00
0.0000000e+00	0.0000000e+00	0.0000000e+00	2.8726509e+01	0.0000000e+00	9.9279026e+00	0.0000000e+00	1.7271728e+02	0.0000000e+00	0.0000000e+00
0.0000000e+00	0.0000000e+00	2.7259466e+01	0.0000000e+00	3.9884703e+01	4.0184081e+01	0.0000000e+00	0.0000000e+00	4.6694025e+01	0.0000000e+00
0.0000000e+00	0.0000000e+00	0.0000000e+00	2.4567752e+01	0.0000000e+00	0.0000000e+00	5.2450948e+01	0.0000000e+00	0.0000000e+00	0.0000000e+00
0.0000000e+00	0.0000000e+00	1.6995582e+01	4.8556905e+01	0.0000000e+00	0.0000000e+00	6.6988974e-01	1.0453684e+01	3.2762584e+00	0.0000000e+00
0.0000000e+00	0.0000000e+00	0.0000000e+00	0.0000000e+00	3.7133997e+01	1.5986841e+01	0.0000000e+00	0.0000000e+00	0.0000000e+00	0.0000000e+00
9.5056936e+00	0.0000000e+00	1.6711664e+02	0.0000000e+00	0.0000000e+00	1.1396711e+01	0.0000000e+00	0.0000000e+00	6.2848625e+00	0.0000000e+00
3.9845806e+00	0.0000000e+00	0.0000000e+00	5.2171109e+01	0.0000000e+00	2.4567831e+00	0.0000000e+00	1.6389553e+00	0.0000000e+00	0.0000000e+00
0.0000000e+00	0.0000000e+00	0.0000000e+00	0.0000000e+00	0.0000000e+00	0.0000000e+00	0.0000000e+00	0.0000000e+00	0.0000000e+00	0.0000000e+00

