5.717838768670e+00
1.679958040002e+01
2.575652394010e+00
1.783266188882e+01
5.058056027771e+01
1.562981235776e+00
1.138950984947e+01
3.201991319961e+01
3.021748309979e+01
2.241738755789e+02
9.552330290017e+02
4.943622699412e+00
1.342732549996e+01
3.654164211641e+00
7.956964278767e+00
7.102336964291e-01
2.383312922994e-01
4.964270052945e-01
1.517438532801e-01
1.603545491478e-01
5.015994390529e-02
1.493781607053e+00
5.343855027589e-01
1.606221896701e-02
4.588501987198e-03
8.328902577400e-02
5.153317677763e-02
1.000000000000e-15
